-22.221997 -54.841017 4122 3123 5421
-22.218978 -54.836382 3422 4122 6412
-22.227475 -54.825479 4232 5212 5121
-22.218337 -54.819986 3212 4124 5123
-22.226203 -54.817153 5123 5121 5125
-22.227951 -54.815179 3172 3156 5412
-22.211742 -54.813977 4212 4312 5192
-22.214285 -54.813977 4921 3121 4129
-22.236611 -54.806939 3294 4912 4892
-22.237406 -54.803163 4829 4893 3219
-22.226601 -54.804879 4129 3214 5412
-22.225568 -54.800416 5232 5124 5245
-22.221754 -54.799987 5123 3517 5871
-22.224287 -54.789076 4839 4123 5151
-22.234456 -54.784527 4124 5123 6514
-22.216659 -54.779892 4123 4214 5332
-22.222459 -54.777403 4133 5612 4291
