39.600000 69.100000 58 -1 -1
59.200000 30.600000 -1 92 -1
3.400000 62.300000 38 -1 -1
8.100000 78.000000 -1 -1 99
63.200000 42.100000 58 -1 -1
0.700000 84.900000 -1 80 -1
97.100000 48.400000 -1 24 -1
24.700000 20.500000 41 -1 -1
17.000000 67.400000 -1 32 -1
65.300000 77.900000 -1 -1 50
23.100000 58.100000 -1 -1 69
80.100000 81.000000 50 -1 -1
42.200000 70.100000 31 -1 -1
78.700000 92.800000 -1 -1 68
0.500000 73.000000 -1 -1 56
4.900000 89.800000 -1 -1 42
31.200000 96.800000 32 -1 -1
17.500000 87.000000 78 -1 -1
56.700000 70.400000 -1 65 -1
52.700000 12.200000 -1 17 -1
15.400000 27.900000 -1 44 -1
49.800000 27.700000 -1 74 -1
97.900000 61.600000 -1 7 -1
87.100000 26.700000 62 -1 -1
34.500000 46.900000 -1 40 -1
42.000000 0.200000 -1 -1 97
81.900000 57.500000 -1 -1 24
28.800000 27.400000 -1 32 -1
61.300000 26.000000 -1 -1 49
68.900000 28.900000 -1 -1 19
16.500000 54.700000 -1 -1 24
78.000000 82.300000 89 -1 -1
73.400000 27.600000 -1 44 -1
52.700000 43.600000 -1 91 -1
40.700000 37.900000 -1 -1 48
73.800000 7.900000 72 -1 -1
80.200000 47.900000 20 -1 -1
98.800000 12.300000 3 -1 -1
34.600000 19.200000 -1 -1 86
17.500000 55.500000 23 -1 -1
14.600000 7.900000 67 -1 -1
32.100000 70.300000 -1 -1 2
96.900000 9.100000 -1 -1 8
46.300000 57.900000 -1 96 -1
55.400000 22.400000 10 -1 -1
98.900000 27.500000 78 -1 -1
91.000000 48.300000 -1 -1 18
80.100000 4.000000 21 -1 -1
11.000000 33.500000 -1 43 -1
71.900000 49.600000 -1 58 -1
98.300000 92.500000 -1 -1 11
52.700000 77.300000 -1 -1 14
75.000000 90.700000 94 -1 -1
45.400000 91.800000 -1 -1 35
89.500000 58.100000 -1 52 -1
15.000000 42.600000 13 -1 -1
11.900000 24.800000 -1 -1 34
11.100000 31.000000 -1 77 -1
20.400000 30.900000 92 -1 -1
90.300000 34.100000 -1 96 -1
25.200000 32.100000 52 -1 -1
63.100000 31.900000 -1 29 -1
38.000000 52.900000 -1 -1 29
94.900000 81.200000 -1 -1 82
43.600000 79.300000 87 -1 -1
12.900000 66.800000 -1 -1 25
48.900000 48.000000 -1 79 -1
8.900000 26.400000 -1 -1 73
4.300000 92.500000 -1 21 -1
50.400000 99.800000 -1 6 -1
75.000000 12.700000 5 -1 -1
20.400000 33.300000 -1 -1 46
27.500000 62.500000 -1 84 -1
92.400000 6.500000 -1 -1 20
45.600000 9.700000 -1 -1 71
2.000000 36.000000 73 -1 -1
5.200000 62.900000 -1 -1 16
49.700000 42.000000 -1 -1 89
86.000000 15.700000 -1 56 -1
35.400000 56.700000 -1 -1 24
74.000000 50.900000 -1 76 -1
71.600000 83.200000 -1 32 -1
48.400000 11.700000 10 -1 -1
80.100000 73.300000 -1 75 -1
49.900000 1.800000 -1 -1 72
50.100000 44.200000 65 -1 -1
25.400000 10.000000 -1 -1 74
58.400000 97.400000 -1 -1 60
35.600000 22.200000 -1 -1 75
52.700000 68.300000 29 -1 -1
37.100000 10.000000 -1 -1 61
81.800000 13.100000 67 -1 -1
23.900000 12.100000 -1 -1 70
94.300000 33.300000 -1 -1 39
74.100000 61.700000 74 -1 -1
18.600000 59.900000 -1 -1 67
67.600000 98.900000 -1 -1 40
99.200000 71.200000 -1 81 -1
10.900000 66.900000 -1 -1 52
76.800000 2.100000 -1 -1 39
78.400000 29.100000 -1 99 -1
30.300000 6.400000 -1 -1 39
43.500000 20.800000 54 -1 -1
33.500000 34.500000 -1 -1 95
39.100000 56.700000 -1 -1 59
79.900000 27.700000 94 -1 -1
52.700000 21.400000 -1 -1 71
16.100000 74.400000 -1 85 -1
79.600000 6.900000 -1 45 -1
73.100000 89.600000 6 -1 -1
45.700000 66.000000 52 -1 -1
36.400000 9.000000 -1 89 -1
57.700000 34.500000 6 -1 -1
28.500000 8.700000 -1 -1 56
8.000000 74.400000 -1 -1 46
92.700000 9.900000 -1 -1 21
15.200000 77.100000 -1 -1 22
32.800000 43.900000 -1 -1 96
45.200000 25.800000 -1 68 -1
24.200000 75.600000 -1 8 -1
25.500000 4.900000 55 -1 -1
97.400000 31.900000 -1 57 -1
75.800000 35.800000 -1 74 -1
71.000000 58.500000 86 -1 -1
72.200000 79.800000 -1 32 -1
31.700000 15.100000 65 -1 -1
41.800000 81.200000 90 -1 -1
78.900000 14.000000 -1 -1 65
98.600000 36.300000 -1 -1 22
12.900000 71.300000 80 -1 -1
83.300000 97.400000 -1 -1 11
97.600000 13.800000 -1 -1 98
8.100000 0.300000 -1 -1 81
5.600000 63.300000 -1 35 -1
35.600000 56.800000 4 -1 -1
9.500000 20.500000 20 -1 -1
4.500000 79.900000 -1 24 -1
48.900000 20.900000 -1 -1 19
78.100000 70.200000 -1 89 -1
89.700000 89.600000 2 -1 -1
23.300000 70.800000 38 -1 -1
47.400000 64.500000 -1 -1 57
30.900000 54.600000 -1 35 -1
87.200000 48.000000 -1 -1 95
56.700000 29.100000 -1 56 -1
30.900000 83.700000 56 -1 -1
0.000000 65.600000 -1 -1 38
26.300000 90.400000 -1 78 -1
29.900000 13.700000 -1 23 -1
97.000000 3.500000 13 -1 -1
71.300000 31.700000 -1 -1 41
51.800000 82.900000 -1 -1 96
1.100000 14.100000 -1 -1 8
3.100000 2.200000 -1 62 -1
23.100000 68.500000 10 -1 -1
50.500000 74.300000 69 -1 -1
21.500000 86.400000 65 -1 -1
7.300000 13.300000 82 -1 -1
98.500000 69.400000 -1 -1 12
34.000000 67.400000 5 -1 -1
91.900000 31.800000 53 -1 -1
29.100000 20.600000 -1 -1 72
17.300000 39.600000 98 -1 -1
45.500000 54.900000 -1 2 -1
9.900000 50.200000 43 -1 -1
23.200000 98.800000 3 -1 -1
31.700000 17.800000 -1 -1 91
39.000000 68.400000 -1 -1 1
28.000000 66.200000 -1 -1 82
81.600000 93.800000 45 -1 -1
72.600000 4.000000 -1 3 -1
68.600000 26.300000 51 -1 -1
28.200000 93.900000 -1 -1 21
79.000000 56.300000 -1 -1 57
97.800000 7.700000 4 -1 -1
15.200000 62.300000 76 -1 -1
12.500000 37.600000 -1 -1 80
6.700000 63.800000 -1 -1 95
75.700000 38.700000 -1 40 -1
86.200000 61.400000 -1 -1 64
11.800000 89.900000 -1 64 -1
49.100000 39.400000 66 -1 -1
92.800000 24.100000 -1 -1 64
64.900000 88.700000 4 -1 -1
37.700000 95.100000 -1 1 -1
13.200000 14.400000 -1 21 -1
42.600000 58.600000 49 -1 -1
70.400000 54.600000 88 -1 -1
27.600000 19.000000 -1 18 -1
67.100000 34.900000 62 -1 -1
91.200000 45.800000 -1 51 -1
28.900000 91.800000 -1 79 -1
74.100000 51.700000 -1 -1 88
8.300000 94.200000 -1 44 -1
64.700000 53.600000 -1 -1 65
71.400000 98.700000 55 -1 -1
53.100000 57.400000 80 -1 -1
67.300000 6.700000 -1 52 -1
78.100000 93.900000 -1 83 -1
84.600000 54.800000 13 -1 -1
49.100000 71.100000 26 -1 -1
16.800000 86.700000 -1 -1 83
36.500000 1.600000 3 -1 -1
43.400000 43.700000 43 -1 -1
87.400000 10.900000 -1 88 -1
83.900000 37.900000 -1 70 -1
3.300000 48.000000 -1 -1 15
45.100000 85.600000 -1 30 -1
44.200000 7.600000 -1 -1 8
73.800000 43.800000 -1 84 -1
68.800000 21.200000 -1 -1 29
75.100000 42.700000 -1 27 -1
39.900000 91.200000 -1 17 -1
71.100000 75.900000 31 -1 -1
73.200000 48.900000 48 -1 -1
76.200000 24.300000 -1 21 -1
16.600000 21.100000 46 -1 -1
17.600000 3.900000 -1 -1 80
96.000000 42.900000 -1 18 -1
88.900000 53.100000 -1 -1 28
92.900000 55.500000 -1 -1 58
84.800000 8.300000 -1 75 -1
80.600000 41.300000 2 -1 -1
80.900000 54.600000 -1 16 -1
7.800000 20.300000 -1 38 -1
77.700000 6.500000 -1 -1 56
10.900000 88.800000 -1 -1 62
24.000000 57.500000 -1 -1 85
9.600000 75.400000 -1 -1 91
65.100000 20.000000 -1 -1 47
97.200000 9.400000 -1 64 -1
96.600000 81.100000 -1 -1 28
97.200000 81.200000 -1 84 -1
43.700000 92.500000 87 -1 -1
76.400000 81.600000 -1 89 -1
84.200000 13.300000 -1 46 -1
94.500000 68.000000 -1 -1 51
16.900000 86.600000 5 -1 -1
13.800000 49.700000 -1 56 -1
5.000000 54.500000 -1 -1 25
56.000000 26.000000 -1 52 -1
44.100000 86.600000 -1 -1 68
88.800000 51.600000 -1 86 -1
21.400000 66.400000 94 -1 -1
44.700000 99.300000 -1 -1 14
63.300000 29.600000 -1 72 -1
65.600000 31.700000 -1 -1 47
82.400000 8.400000 -1 -1 77
75.500000 45.500000 -1 -1 78
36.100000 15.700000 -1 -1 80
96.200000 2.000000 -1 78 -1
76.900000 45.300000 72 -1 -1
35.000000 34.200000 89 -1 -1
88.900000 26.300000 -1 -1 33
9.300000 89.400000 15 -1 -1
18.700000 14.000000 88 -1 -1
48.500000 34.100000 -1 -1 10
47.800000 43.400000 -1 -1 97
65.800000 27.200000 -1 18 -1
8.500000 22.400000 -1 80 -1
78.400000 13.000000 -1 -1 58
29.400000 3.700000 -1 87 -1
2.600000 95.500000 -1 61 -1
3.200000 19.300000 -1 -1 37
89.000000 95.500000 -1 -1 39
59.200000 36.600000 -1 12 -1
58.000000 22.800000 46 -1 -1
11.000000 40.500000 72 -1 -1
99.800000 82.300000 60 -1 -1
84.300000 20.000000 -1 -1 7
28.700000 98.000000 -1 76 -1
82.000000 17.900000 37 -1 -1
9.600000 49.600000 34 -1 -1
42.000000 51.900000 -1 96 -1
27.700000 29.800000 -1 38 -1
33.000000 68.000000 -1 -1 30
58.700000 18.600000 -1 -1 30
40.800000 22.600000 -1 9 -1
7.600000 50.200000 58 -1 -1
23.400000 44.300000 -1 61 -1
84.100000 33.400000 -1 -1 91
59.100000 11.300000 78 -1 -1
1.200000 22.100000 -1 77 -1
21.800000 16.900000 -1 -1 48
3.500000 77.600000 -1 28 -1
31.200000 99.500000 -1 53 -1
28.900000 34.900000 -1 -1 89
90.100000 81.500000 -1 -1 12
25.800000 96.600000 83 -1 -1
12.600000 30.900000 -1 -1 91
22.400000 97.200000 -1 -1 14
17.000000 40.800000 95 -1 -1
80.000000 64.900000 61 -1 -1
94.900000 79.500000 -1 91 -1
48.500000 77.800000 -1 96 -1
43.700000 28.200000 -1 77 -1
33.400000 74.800000 -1 88 -1
23.800000 57.100000 -1 -1 12
5.600000 41.700000 26 -1 -1
61.500000 76.700000 89 -1 -1
91.000000 53.300000 85 -1 -1
64.400000 23.100000 91 -1 -1
60.500000 51.200000 -1 -1 -1
12.000000 98.500000 -1 -1 -1
4.000000 0.000000 -1 37 -1
24.200000 66.500000 -1 -1 79
14.500000 30.300000 -1 -1 16
21.800000 3.800000 -1 13 -1
54.600000 31.100000 -1 -1 -1
24.000000 3.100000 -1 -1 -1
40.000000 69.600000 -1 87 -1
76.700000 0.500000 -1 -1 91
13.500000 30.400000 -1 -1 -1
43.900000 3.300000 -1 -1 -1
10.900000 54.000000 -1 -1 -1
50.500000 30.000000 -1 -1 -1
8.600000 1.800000 -1 -1 -1
75.100000 67.300000 -1 -1 -1
34.400000 94.000000 -1 40 -1
85.500000 29.100000 -1 -1 -1
42.400000 91.400000 -1 22 -1
32.500000 80.800000 -1 -1 92
71.300000 0.000000 -1 -1 54
99.800000 54.300000 -1 -1 -1
60.800000 83.100000 -1 -1 7
97.000000 22.900000 -1 6 -1
45.200000 77.300000 -1 -1 -1
20.500000 15.700000 98 -1 -1
20.500000 11.300000 -1 -1 -1
69.100000 1.800000 7 -1 -1
33.600000 73.000000 -1 -1 40
60.000000 51.200000 -1 -1 -1
82.800000 42.400000 21 -1 -1
3.300000 16.900000 -1 -1 -1
93.900000 62.200000 -1 -1 94
1.400000 54.200000 -1 -1 -1
98.900000 44.200000 -1 -1 -1
73.100000 5.400000 -1 24 -1
20.000000 69.500000 -1 90 -1
22.300000 2.000000 80 -1 -1
66.900000 14.600000 70 -1 -1
84.300000 57.700000 -1 -1 -1
81.200000 79.500000 13 -1 -1
10.200000 40.300000 -1 -1 -1
51.600000 61.200000 -1 -1 -1
21.600000 3.400000 -1 17 -1
27.000000 71.500000 96 -1 -1
63.700000 78.800000 -1 -1 -1
78.200000 8.400000 -1 -1 -1
55.100000 83.500000 -1 52 -1
16.300000 84.000000 40 -1 -1
11.700000 80.700000 -1 -1 -1
85.400000 68.500000 72 -1 -1
2.700000 62.800000 -1 -1 21
72.000000 18.700000 -1 -1 -1
86.700000 12.400000 -1 -1 -1
50.600000 70.200000 27 -1 -1
33.900000 82.000000 -1 41 -1
46.300000 17.500000 3 -1 -1
56.300000 55.700000 -1 46 -1
26.600000 18.000000 -1 -1 -1
75.300000 79.700000 -1 -1 33
35.500000 81.600000 -1 -1 -1
7.100000 90.400000 -1 -1 -1
20.700000 92.100000 31 -1 -1
28.800000 6.500000 -1 -1 -1
54.500000 36.500000 -1 -1 -1
76.600000 47.000000 45 -1 -1
15.300000 67.600000 -1 -1 27
13.300000 33.600000 26 -1 -1
1.500000 89.000000 -1 3 -1
69.700000 43.400000 -1 -1 -1
60.800000 50.200000 -1 -1 -1
85.600000 66.900000 -1 68 -1
41.300000 95.000000 -1 -1 1
45.600000 54.200000 -1 -1 -1
47.500000 15.900000 65 -1 -1
41.900000 72.700000 0 -1 -1
34.400000 22.800000 -1 -1 47
48.400000 99.100000 -1 -1 71
40.800000 99.600000 -1 -1 -1
51.100000 13.300000 -1 -1 -1
70.800000 72.200000 -1 -1 -1
18.600000 27.000000 -1 -1 -1
48.900000 75.900000 -1 -1 -1
33.000000 16.500000 -1 8 -1
36.600000 77.100000 -1 -1 8
5.300000 46.100000 -1 -1 75
14.500000 61.900000 -1 -1 23
33.800000 31.200000 41 -1 -1
35.500000 50.800000 -1 -1 -1
99.500000 94.800000 -1 -1 -1
83.900000 4.400000 93 -1 -1
61.900000 50.200000 -1 -1 46
43.500000 41.100000 -1 -1 -1
14.500000 24.600000 16 -1 -1
3.200000 11.400000 -1 -1 -1
95.000000 42.000000 -1 -1 35
22.500000 32.000000 -1 -1 -1
72.900000 48.500000 -1 -1 -1
60.200000 92.900000 -1 -1 -1
21.900000 65.200000 -1 -1 1
99.500000 76.800000 -1 -1 78
2.800000 18.600000 -1 -1 18
35.200000 90.500000 -1 -1 -1
42.000000 55.900000 19 -1 -1
92.000000 97.600000 -1 19 -1
27.200000 92.700000 -1 -1 -1
9.200000 30.800000 79 -1 -1
30.200000 71.700000 6 -1 -1
9.200000 20.300000 60 -1 -1
16.000000 80.800000 -1 -1 -1
52.200000 39.500000 -1 -1 -1
52.300000 95.900000 48 -1 -1
9.900000 23.000000 64 -1 -1
99.900000 70.600000 -1 -1 36
62.500000 4.600000 -1 -1 -1
97.700000 7.900000 -1 28 -1
33.100000 7.500000 57 -1 -1
79.100000 19.400000 -1 -1 -1
20.800000 14.900000 -1 -1 -1
37.000000 71.100000 -1 -1 6
83.900000 66.500000 -1 -1 -1
23.100000 81.600000 -1 -1 -1
68.700000 39.000000 -1 -1 -1
53.900000 61.700000 -1 -1 -1
83.100000 93.900000 15 -1 -1
11.300000 0.700000 -1 -1 -1
30.600000 48.200000 -1 -1 -1
11.500000 81.300000 -1 -1 -1
46.100000 8.200000 -1 -1 -1
9.200000 76.400000 -1 32 -1
25.800000 83.600000 -1 -1 -1
51.800000 13.300000 -1 90 -1
20.400000 30.600000 -1 -1 -1
9.000000 47.400000 -1 -1 94
84.500000 94.900000 -1 -1 -1
59.800000 17.200000 -1 48 -1
95.000000 80.000000 22 -1 -1
30.700000 90.800000 -1 13 -1
94.500000 35.100000 -1 -1 -1
23.100000 58.200000 -1 34 -1
87.000000 84.800000 -1 -1 -1
7.000000 3.700000 -1 -1 71
96.600000 16.200000 -1 -1 79
67.200000 5.200000 -1 -1 -1
20.900000 9.100000 -1 61 -1
23.000000 22.500000 -1 -1 73
84.000000 5.200000 -1 -1 -1
14.800000 48.200000 -1 -1 40
84.300000 2.800000 -1 -1 -1
90.700000 41.600000 -1 -1 -1
14.600000 11.200000 -1 -1 -1
27.000000 3.500000 -1 -1 35
27.800000 45.400000 -1 47 -1
54.800000 0.100000 -1 -1 -1
45.000000 3.500000 -1 -1 36
2.600000 64.400000 -1 5 -1
96.600000 33.200000 67 -1 -1
96.700000 16.100000 -1 -1 -1
96.900000 59.200000 -1 30 -1
50.800000 7.500000 -1 -1 -1
88.600000 66.600000 -1 -1 82
97.800000 59.700000 15 -1 -1
43.500000 77.400000 -1 -1 -1
31.000000 65.100000 48 -1 -1
94.600000 14.400000 -1 -1 -1
36.400000 37.300000 54 -1 -1
52.000000 66.300000 53 -1 -1
41.600000 44.900000 -1 -1 14
92.800000 38.100000 -1 -1 45
71.200000 2.000000 -1 47 -1
43.900000 99.400000 -1 -1 -1
84.300000 38.500000 -1 -1 -1
22.300000 63.400000 -1 19 -1
69.600000 84.000000 56 -1 -1
38.900000 61.300000 27 -1 -1
53.000000 10.100000 5 -1 -1
48.700000 1.300000 -1 -1 -1
63.000000 44.200000 -1 -1 88
59.800000 57.700000 -1 -1 4
83.200000 45.500000 -1 -1 -1
8.600000 81.800000 -1 24 -1
83.800000 71.800000 -1 -1 -1
41.400000 71.300000 36 -1 -1
69.200000 28.400000 42 -1 -1
65.200000 16.400000 -1 -1 -1
74.800000 60.100000 -1 -1 -1
19.600000 68.700000 -1 -1 36
90.100000 64.100000 1 -1 -1
25.800000 70.900000 -1 -1 -1
89.200000 36.700000 -1 -1 -1
31.800000 23.100000 -1 -1 -1
68.800000 57.200000 -1 -1 -1
17.800000 26.600000 -1 36 -1
74.600000 22.300000 24 -1 -1
11.300000 11.500000 -1 -1 -1
94.200000 86.200000 -1 -1 -1
77.000000 71.500000 -1 40 -1
76.300000 33.800000 -1 -1 -1
45.900000 75.400000 -1 -1 -1
48.100000 35.200000 -1 -1 -1
5.400000 25.700000 19 -1 -1
0.100000 60.600000 -1 -1 -1
89.500000 4.000000 -1 -1 5
90.800000 35.900000 -1 -1 -1
27.000000 28.700000 65 -1 -1
68.700000 17.300000 -1 -1 -1
83.600000 6.900000 -1 39 -1
63.400000 2.800000 -1 -1 -1
78.900000 50.100000 -1 -1 -1
80.000000 78.400000 -1 -1 -1
99.200000 10.000000 46 -1 -1
3.200000 43.500000 -1 -1 -1
68.100000 19.900000 -1 -1 10
94.500000 2.200000 -1 68 -1
60.700000 70.100000 -1 -1 -1
9.500000 21.400000 -1 -1 27
85.900000 56.300000 36 -1 -1
86.200000 94.400000 99 -1 -1
64.100000 89.800000 -1 14 -1
36.900000 67.900000 92 -1 -1
17.000000 7.600000 62 -1 -1
82.800000 17.800000 -1 -1 -1
70.600000 65.600000 -1 91 -1
75.800000 38.600000 -1 -1 -1
16.200000 88.900000 -1 -1 79
31.000000 73.700000 -1 -1 -1
70.700000 77.100000 -1 -1 -1
5.900000 4.700000 -1 -1 -1
54.000000 56.600000 -1 18 -1
84.700000 35.100000 -1 -1 49
79.500000 6.600000 -1 -1 50
59.100000 58.900000 -1 -1 -1
34.700000 36.300000 -1 -1 -1
8.500000 52.400000 -1 49 -1
-22.221997 -54.841017 4122 3123 5421
-22.218978 -54.836382 3422 4122 6412
-22.227475 -54.825479 4232 5212 5121
-22.218337 -54.819986 3212 4124 5123
-22.226203 -54.817153 5123 5121 5125
-22.227951 -54.815179 3172 3156 5412
-22.211742 -54.813977 4212 4312 5192
-22.214285 -54.813977 4921 3121 4129
-22.236611 -54.806939 3294 4912 4892
-22.237406 -54.803163 4829 4893 3219
-22.226601 -54.804879 4129 3214 5412
-22.225568 -54.800416 5232 5124 5245
-22.221754 -54.799987 5123 3517 5871
-22.224287 -54.789076 4839 4123 5151
-22.234456 -54.784527 4124 5123 6514
-22.216659 -54.779892 4123 4214 5332
-22.222459 -54.777403 4133 5612 4291
36.700000 22.900000 -1 -1 69
45.400000 56.600000 -1 -1 35
78.700000 82.700000 48 -1 -1
34.200000 84.600000 -1 -1 -1
56.500000 86.600000 91 -1 -1
47.500000 82.700000 -1 18 -1
70.400000 69.600000 -1 -1 58
67.800000 59.400000 -1 -1 -1
21.600000 92.100000 69 -1 -1
21.500000 15.200000 -1 60 -1
45.300000 5.800000 -1 -1 -1
22.000000 51.100000 -1 95 -1
0.300000 56.500000 -1 -1 -1
87.900000 8.100000 1 -1 -1
78.000000 77.100000 -1 -1 -1
34.500000 60.700000 -1 -1 -1
39.300000 62.300000 -1 53 -1
5.500000 75.500000 32 -1 -1
46.600000 88.200000 27 -1 -1
46.100000 32.000000 -1 -1 -1
74.300000 67.000000 -1 -1 -1
23.200000 38.200000 -1 -1 -1
31.000000 85.500000 94 -1 -1
17.600000 13.900000 -1 41 -1
63.200000 51.400000 -1 -1 -1
44.800000 58.300000 -1 -1 29
7.200000 84.800000 -1 -1 -1
89.300000 57.700000 80 -1 -1
36.600000 55.900000 -1 56 -1
21.500000 52.400000 -1 91 -1
99.500000 19.500000 -1 -1 94
25.400000 89.400000 -1 -1 72
32.100000 7.700000 29 -1 -1
63.900000 52.800000 -1 -1 80
68.500000 30.300000 54 -1 -1
87.500000 69.400000 -1 -1 -1
4.100000 2.600000 -1 50 -1
54.200000 23.400000 -1 -1 -1
35.000000 27.800000 -1 -1 -1
53.100000 50.900000 -1 -1 -1
44.600000 72.000000 -1 -1 -1
85.800000 27.100000 -1 -1 -1
20.200000 93.800000 -1 -1 91
93.500000 28.900000 -1 -1 -1
58.500000 30.900000 -1 -1 -1
92.700000 87.600000 51 -1 -1
13.900000 1.600000 -1 -1 -1
0.100000 97.900000 -1 3 -1
19.300000 68.400000 -1 22 -1
71.300000 39.800000 -1 -1 -1
67.900000 40.000000 -1 -1 33
73.300000 83.100000 66 -1 -1
16.900000 85.300000 -1 -1 -1
46.100000 97.300000 -1 -1 -1
87.900000 88.400000 -1 16 -1
8.100000 45.000000 -1 79 -1
41.400000 9.100000 -1 -1 -1
77.100000 11.700000 -1 -1 -1
17.800000 18.600000 14 -1 -1
60.800000 76.600000 -1 25 -1
87.100000 46.500000 22 -1 -1
31.700000 11.600000 -1 -1 55
65.300000 70.100000 47 -1 -1
48.000000 40.200000 -1 -1 -1
9.400000 72.100000 -1 -1 -1
66.300000 89.400000 -1 -1 95
65.400000 80.700000 -1 79 -1
88.800000 44.900000 -1 -1 -1
99.100000 5.900000 -1 -1 88
80.100000 13.100000 -1 -1 -1
44.700000 19.700000 -1 26 -1
53.400000 33.200000 -1 -1 90
89.600000 7.300000 21 -1 -1
56.100000 90.000000 -1 -1 -1
77.700000 70.100000 -1 51 -1
43.900000 24.600000 -1 95 -1
92.700000 31.100000 -1 -1 -1
14.400000 41.100000 49 -1 -1
55.000000 1.500000 -1 -1 23
36.900000 21.600000 -1 30 -1
8.500000 71.800000 -1 -1 -1
83.400000 90.400000 81 -1 -1
41.300000 33.800000 -1 -1 77
3.600000 60.100000 -1 67 -1
81.400000 61.700000 -1 -1 -1
80.300000 66.700000 -1 -1 -1
3.100000 32.800000 -1 -1 -1
96.800000 79.400000 -1 -1 -1
17.600000 19.800000 -1 76 -1
88.500000 0.000000 -1 -1 -1
16.600000 79.000000 -1 -1 0
15.500000 68.900000 -1 -1 17
56.700000 90.600000 -1 -1 13
6.800000 17.000000 -1 42 -1
53.500000 37.300000 -1 -1 19
81.600000 77.300000 68 -1 -1
72.200000 3.800000 -1 -1 -1
87.600000 53.200000 -1 27 -1
82.800000 96.100000 -1 12 -1
6.400000 83.000000 -1 19 -1
93.100000 12.400000 -1 -1 -1
15.000000 52.300000 77 -1 -1
10.000000 85.300000 -1 69 -1
7.300000 27.000000 -1 -1 5
71.900000 85.300000 -1 -1 -1
59.500000 94.100000 -1 -1 70
91.800000 1.800000 86 -1 -1
48.100000 25.600000 -1 -1 -1
84.800000 1.000000 15 -1 -1
86.500000 70.700000 -1 -1 -1
70.500000 77.700000 -1 -1 -1
21.700000 14.700000 56 -1 -1
21.700000 81.700000 -1 32 -1
96.000000 24.800000 -1 -1 -1
3.400000 77.000000 -1 -1 -1
23.200000 31.900000 -1 -1 95
70.400000 40.800000 -1 -1 72
46.900000 53.600000 -1 24 -1
35.000000 74.300000 -1 -1 -1
89.100000 37.300000 28 -1 -1
70.300000 89.500000 -1 57 -1
40.700000 2.500000 -1 -1 -1
34.300000 19.500000 -1 -1 -1
65.300000 18.400000 94 -1 -1
29.600000 0.900000 -1 -1 -1
14.400000 35.100000 -1 -1 -1
91.200000 51.300000 38 -1 -1
51.600000 1.300000 27 -1 -1
11.200000 95.900000 -1 -1 -1
90.300000 58.200000 90 -1 -1
83.200000 44.400000 41 -1 -1
33.100000 4.400000 -1 -1 72
29.700000 20.600000 84 -1 -1
18.500000 93.700000 -1 -1 -1
55.500000 35.000000 -1 94 -1
2.800000 58.700000 -1 -1 -1
47.600000 57.900000 -1 -1 -1
70.300000 59.200000 -1 -1 -1
47.300000 22.700000 -1 30 -1
87.900000 89.600000 -1 -1 73
46.200000 82.400000 -1 -1 -1
6.400000 61.400000 -1 -1 82
26.200000 21.800000 -1 -1 -1
81.400000 65.700000 -1 -1 -1
48.700000 4.100000 -1 -1 -1
50.200000 79.200000 30 -1 -1
36.600000 59.500000 -1 75 -1
72.100000 92.100000 82 -1 -1
62.500000 85.200000 8 -1 -1
82.000000 81.800000 -1 -1 -1
28.800000 37.800000 37 -1 -1
21.900000 45.400000 -1 -1 83
75.600000 81.200000 -1 -1 79
75.400000 35.600000 17 -1 -1
87.000000 19.500000 -1 95 -1
5.000000 52.100000 -1 -1 -1
27.800000 80.500000 -1 -1 -1
27.600000 5.600000 -1 -1 74
41.500000 34.700000 7 -1 -1
59.100000 34.800000 -1 -1 12
20.200000 66.500000 -1 54 -1
25.300000 75.700000 -1 45 -1
54.300000 98.200000 -1 33 -1
95.100000 48.600000 -1 37 -1
39.100000 44.300000 -1 57 -1
67.300000 75.100000 -1 -1 -1
85.100000 55.100000 -1 -1 -1
23.400000 91.700000 -1 -1 -1
81.800000 49.000000 -1 -1 -1
65.800000 38.300000 -1 -1 -1
80.500000 32.400000 -1 -1 -1
98.500000 7.700000 -1 76 -1
60.000000 36.500000 -1 -1 48
42.000000 21.800000 -1 -1 28
23.700000 62.600000 -1 -1 47
18.000000 19.700000 -1 -1 -1
45.400000 15.100000 -1 59 -1
49.900000 25.100000 -1 -1 -1
72.500000 38.400000 -1 71 -1
99.500000 41.700000 -1 -1 -1
67.000000 63.700000 41 -1 -1
68.400000 58.700000 -1 -1 -1
75.900000 55.800000 -1 -1 -1
20.700000 67.400000 -1 -1 5
92.800000 99.700000 -1 66 -1
83.600000 55.800000 -1 -1 -1
79.600000 33.100000 -1 -1 81
23.800000 29.400000 68 -1 -1
53.300000 50.000000 -1 -1 -1
78.600000 78.400000 -1 -1 -1
94.700000 57.800000 27 -1 -1
34.000000 39.100000 -1 34 -1
1.400000 39.900000 -1 -1 -1
68.700000 87.000000 -1 16 -1
51.600000 53.400000 -1 -1 -1
16.700000 2.900000 -1 -1 -1
34.600000 19.100000 80 -1 -1
96.300000 52.500000 -1 38 -1
79.600000 67.400000 -1 -1 -1
29.900000 0.300000 -1 -1 -1
8.500000 2.500000 -1 -1 -1
55.000000 30.200000 -1 58 -1
93.300000 99.800000 -1 -1 -1
15.800000 83.000000 48 -1 -1
78.900000 20.000000 -1 54 -1
19.700000 67.700000 2 -1 -1
31.800000 18.000000 83 -1 -1
6.900000 24.000000 -1 96 -1
66.100000 20.800000 -1 -1 26
53.200000 15.700000 -1 83 -1
1.600000 65.500000 -1 -1 69
7.900000 13.800000 -1 44 -1
33.100000 70.400000 -1 -1 11
66.900000 41.200000 -1 -1 -1
0.400000 17.500000 -1 -1 -1
71.100000 94.900000 -1 -1 -1
36.600000 28.500000 -1 56 -1
9.100000 78.200000 -1 33 -1
86.600000 56.800000 -1 -1 -1
82.700000 28.000000 97 -1 -1
14.800000 82.400000 -1 -1 46
29.000000 94.100000 -1 -1 26
7.200000 58.400000 -1 -1 -1
4.800000 44.100000 -1 -1 -1
64.500000 26.600000 93 -1 -1
61.600000 20.300000 -1 6 -1
5.600000 69.500000 -1 81 -1
21.000000 32.100000 -1 13 -1
77.500000 93.600000 -1 90 -1
7.500000 85.900000 -1 -1 43
14.900000 15.100000 46 -1 -1
36.200000 43.700000 -1 59 -1
21.300000 31.500000 -1 95 -1
92.200000 65.500000 -1 -1 -1
48.100000 74.100000 -1 -1 -1
28.600000 1.800000 -1 -1 4
58.100000 79.200000 38 -1 -1
24.800000 74.700000 45 -1 -1
95.700000 26.300000 -1 -1 -1
96.200000 76.200000 -1 -1 -1
77.700000 67.700000 -1 -1 -1
11.700000 97.100000 79 -1 -1
96.400000 35.500000 -1 -1 55
64.200000 59.200000 -1 -1 7
80.300000 82.400000 -1 64 -1
60.000000 65.600000 -1 29 -1
72.000000 97.300000 -1 17 -1
40.000000 41.900000 -1 -1 -1
55.900000 63.300000 -1 -1 97
21.600000 61.600000 -1 -1 -1
53.900000 29.500000 -1 -1 -1
17.900000 10.500000 -1 35 -1
93.900000 21.400000 -1 -1 -1
15.500000 14.400000 -1 36 -1
74.900000 86.900000 -1 42 -1
44.900000 94.200000 -1 -1 -1
80.000000 12.300000 -1 -1 -1
28.700000 14.200000 -1 45 -1
59.200000 91.700000 -1 -1 49
77.700000 93.300000 73 -1 -1
0.400000 23.900000 -1 -1 -1
14.100000 1.700000 -1 -1 -1
37.200000 92.400000 -1 -1 -1
42.300000 51.900000 -1 -1 51
41.400000 33.400000 -1 -1 -1
99.000000 33.000000 -1 67 -1
32.700000 38.300000 -1 -1 -1
42.900000 76.100000 -1 -1 2
39.400000 51.700000 -1 -1 -1
93.400000 86.500000 19 -1 -1
48.800000 6.800000 -1 -1 44
42.300000 82.800000 -1 -1 28
95.500000 22.200000 -1 -1 -1
20.800000 30.400000 -1 -1 -1
1.100000 92.500000 -1 -1 43
65.400000 8.700000 -1 7 -1
39.500000 51.200000 27 -1 -1
65.600000 35.400000 -1 38 -1
96.300000 73.800000 -1 13 -1
15.600000 61.500000 69 -1 -1
72.000000 89.900000 -1 -1 -1
28.800000 19.500000 -1 -1 -1
10.800000 32.700000 -1 -1 -1
25.100000 1.400000 -1 -1 39
95.300000 71.600000 -1 -1 -1
7.900000 68.600000 -1 26 -1
14.200000 20.100000 -1 -1 55
92.200000 21.500000 -1 -1 -1
89.300000 39.900000 25 -1 -1
14.900000 91.300000 95 -1 -1
12.800000 80.600000 -1 36 -1
44.300000 58.900000 -1 -1 4
72.700000 31.200000 -1 -1 -1
17.500000 8.900000 -1 -1 84
51.600000 50.800000 19 -1 -1
94.000000 96.000000 -1 -1 -1
2.200000 67.800000 -1 -1 -1
6.200000 7.700000 -1 62 -1
7.300000 24.100000 -1 -1 64
78.600000 21.600000 -1 -1 -1
1.100000 10.100000 4 -1 -1
44.800000 61.700000 -1 35 -1
97.400000 74.700000 43 -1 -1
91.400000 76.700000 -1 -1 -1
52.700000 15.800000 -1 -1 -1
48.800000 58.500000 -1 -1 26
41.100000 48.900000 -1 -1 44
29.500000 36.400000 -1 -1 16
79.800000 16.600000 -1 69 -1
39.400000 27.300000 -1 -1 -1
98.500000 3.200000 -1 -1 43
31.200000 34.400000 -1 11 -1
28.000000 59.000000 -1 -1 88
57.700000 61.000000 -1 -1 -1
86.700000 37.300000 -1 -1 -1
94.800000 6.400000 -1 -1 -1
65.100000 80.100000 -1 -1 -1
59.400000 40.900000 -1 -1 -1
69.300000 40.500000 -1 -1 -1
36.300000 30.900000 -1 -1 -1
14.600000 1.400000 -1 85 -1
90.800000 99.200000 98 -1 -1
62.100000 10.800000 38 -1 -1
83.500000 71.800000 -1 96 -1
64.900000 49.000000 -1 -1 -1
65.200000 36.700000 -1 -1 -1
23.800000 5.000000 -1 -1 -1
39.200000 81.800000 -1 -1 -1
6.100000 45.400000 -1 46 -1
18.900000 53.000000 -1 -1 -1
48.700000 66.100000 95 -1 -1
31.100000 39.000000 -1 -1 78
59.300000 9.900000 -1 -1 -1
31.700000 22.300000 -1 -1 64
11.400000 65.000000 -1 -1 -1
35.300000 80.600000 -1 -1 -1
94.400000 51.500000 -1 -1 31
78.800000 5.900000 -1 -1 -1
61.700000 49.500000 83 -1 -1
9.300000 17.000000 -1 61 -1
82.900000 66.900000 -1 25 -1
39.500000 31.700000 63 -1 -1
72.400000 20.500000 -1 -1 6
5.700000 54.100000 -1 -1 -1
2.600000 15.200000 -1 -1 -1
85.100000 34.200000 -1 23 -1
25.400000 25.200000 -1 -1 -1
82.700000 18.900000 -1 -1 -1
34.800000 74.100000 -1 -1 -1
29.100000 46.500000 -1 -1 43
53.100000 79.900000 21 -1 -1
47.400000 46.600000 58 -1 -1
17.000000 24.500000 -1 98 -1
43.900000 45.400000 -1 -1 72
87.900000 81.100000 64 -1 -1
3.300000 27.100000 -1 -1 -1
72.100000 69.100000 -1 -1 66
35.000000 24.600000 -1 85 -1
16.600000 38.800000 -1 -1 -1
52.900000 51.900000 -1 43 -1
72.200000 64.300000 -1 -1 37
28.200000 30.800000 -1 -1 -1
8.800000 33.300000 -1 11 -1
41.500000 49.200000 -1 -1 11
56.400000 21.000000 -1 37 -1
26.000000 27.200000 -1 24 -1
10.600000 17.500000 29 -1 -1
28.000000 89.200000 -1 -1 -1
70.200000 10.600000 -1 -1 -1
20.100000 78.900000 -1 90 -1
63.000000 37.300000 -1 -1 70
74.200000 77.400000 -1 -1 95
76.100000 25.700000 -1 92 -1
79.800000 56.100000 -1 -1 -1
19.600000 97.800000 -1 -1 -1
77.900000 21.200000 -1 60 -1
71.600000 87.600000 62 -1 -1
64.600000 36.100000 79 -1 -1
33.100000 22.900000 -1 -1 -1
99.400000 70.200000 -1 -1 -1
24.300000 7.200000 -1 -1 84
75.800000 7.000000 -1 30 -1
10.600000 84.300000 33 -1 -1
62.400000 33.800000 -1 -1 -1
88.800000 68.500000 -1 -1 -1
14.000000 65.100000 84 -1 -1
84.800000 35.000000 -1 -1 57
29.500000 39.800000 -1 -1 96
33.700000 53.100000 -1 50 -1
3.000000 97.700000 -1 2 -1
42.300000 87.500000 76 -1 -1
18.000000 3.100000 -1 -1 34
61.700000 6.000000 -1 40 -1
98.400000 45.700000 -1 62 -1
27.700000 15.000000 -1 -1 -1
62.200000 52.900000 -1 -1 -1
72.600000 85.400000 -1 85 -1
12.300000 60.400000 -1 -1 21
23.400000 25.100000 -1 -1 42
62.300000 6.500000 -1 -1 -1
69.400000 60.900000 -1 75 -1
66.500000 84.000000 79 -1 -1
10.900000 64.500000 85 -1 -1
11.800000 63.200000 -1 18 -1
45.900000 50.500000 -1 76 -1
69.900000 46.200000 -1 -1 -1
32.700000 94.500000 -1 91 -1
58.600000 24.600000 68 -1 -1
29.300000 32.600000 -1 -1 -1
99.200000 85.000000 -1 -1 -1
31.400000 23.500000 -1 -1 -1
19.500000 90.100000 43 -1 -1
17.800000 54.300000 -1 -1 63
0.900000 67.900000 -1 -1 96
27.700000 78.800000 -1 -1 24
52.900000 10.000000 -1 -1 81
51.300000 36.900000 -1 -1 -1
26.900000 96.200000 -1 -1 0
35.600000 30.300000 -1 -1 -1
80.300000 25.400000 6 -1 -1
66.100000 35.600000 -1 -1 -1
53.700000 93.600000 -1 -1 -1
5.900000 30.700000 -1 -1 92
29.300000 45.000000 -1 -1 65
91.400000 15.300000 -1 -1 -1
69.900000 96.700000 -1 75 -1
35.600000 56.200000 -1 -1 -1
41.600000 0.500000 -1 -1 -1
96.600000 89.400000 -1 -1 3
59.500000 78.300000 66 -1 -1
92.100000 34.200000 -1 -1 21
73.900000 34.800000 90 -1 -1
80.200000 37.200000 -1 -1 58
11.700000 48.100000 45 -1 -1
45.300000 91.600000 -1 -1 -1
97.700000 77.100000 -1 -1 44
67.300000 59.400000 -1 -1 -1
37.700000 22.100000 -1 -1 -1
86.200000 31.200000 -1 -1 17
13.500000 6.900000 -1 26 -1
48.700000 17.200000 -1 -1 -1
19.600000 28.600000 -1 -1 80
29.800000 60.000000 -1 -1 16
71.100000 42.700000 -1 -1 -1
81.600000 91.700000 -1 -1 19
38.000000 33.300000 6 -1 -1
40.700000 60.900000 72 -1 -1
47.900000 15.700000 -1 -1 -1
24.900000 74.400000 -1 -1 -1
22.500000 39.100000 -1 32 -1
22.700000 26.400000 -1 8 -1
96.100000 89.700000 -1 -1 -1
55.200000 80.100000 -1 -1 53
41.600000 78.300000 -1 17 -1
7.500000 7.500000 -1 -1 28
90.600000 68.600000 -1 -1 -1
74.800000 55.300000 60 -1 -1
65.700000 2.700000 -1 -1 -1
34.300000 78.500000 -1 -1 -1
1.000000 72.500000 -1 23 -1
27.900000 41.100000 -1 -1 -1
87.100000 35.500000 -1 -1 -1
70.400000 23.900000 -1 -1 -1
14.700000 96.600000 -1 -1 -1
98.800000 72.400000 32 -1 -1
15.100000 99.800000 -1 -1 -1
45.500000 7.500000 -1 -1 -1
1.600000 26.700000 -1 -1 -1
50.800000 11.200000 -1 -1 -1
98.800000 89.500000 66 -1 -1
73.700000 89.800000 -1 -1 16
22.800000 72.600000 -1 -1 -1
6.700000 56.400000 -1 -1 -1
82.700000 8.900000 -1 -1 -1
5.800000 2.200000 -1 -1 -1
27.600000 18.000000 22 -1 -1
21.100000 21.800000 -1 -1 -1
60.400000 99.100000 -1 -1 82
83.600000 59.000000 -1 -1 90
94.300000 65.100000 -1 35 -1
19.400000 89.500000 -1 -1 -1
5.400000 0.500000 22 -1 -1
3.300000 22.700000 -1 -1 -1
97.500000 1.300000 -1 -1 -1
43.500000 38.100000 -1 -1 79
22.700000 58.200000 -1 32 -1
32.700000 62.300000 -1 -1 -1
84.000000 77.400000 76 -1 -1
22.800000 59.900000 -1 65 -1
93.700000 26.800000 -1 -1 -1
68.900000 9.000000 84 -1 -1
49.600000 27.600000 -1 -1 -1
97.800000 27.500000 -1 -1 85
43.300000 63.000000 -1 -1 7
53.800000 47.800000 81 -1 -1
31.000000 73.100000 -1 -1 -1
93.600000 68.200000 -1 27 -1
57.100000 77.500000 -1 10 -1
6.800000 34.800000 -1 -1 -1
71.900000 42.100000 -1 -1 49
90.000000 4.300000 -1 -1 -1
38.200000 67.100000 -1 71 -1
37.300000 77.700000 -1 -1 50
17.000000 86.700000 -1 -1 19
50.400000 23.300000 -1 39 -1
62.200000 68.500000 -1 -1 -1
93.500000 35.100000 -1 -1 -1
87.400000 27.900000 23 -1 -1
65.900000 36.200000 -1 16 -1
12.900000 40.400000 -1 91 -1
24.600000 59.900000 -1 -1 -1
48.600000 46.000000 -1 -1 23
93.400000 39.600000 -1 -1 51
88.100000 53.800000 82 -1 -1
49.700000 3.100000 -1 52 -1
78.000000 14.700000 -1 9 -1
71.500000 4.500000 -1 -1 7
86.100000 41.900000 -1 -1 87
75.400000 50.700000 -1 -1 63
13.700000 72.200000 -1 92 -1
70.800000 68.000000 -1 -1 -1
72.400000 19.800000 -1 -1 80
45.800000 87.600000 11 -1 -1
65.000000 24.100000 -1 9 -1
21.300000 6.600000 -1 -1 -1
26.500000 11.800000 -1 -1 -1
10.900000 73.900000 -1 -1 -1
12.200000 59.100000 -1 -1 -1
79.100000 65.500000 -1 -1 -1
65.100000 59.800000 -1 94 -1
92.500000 74.900000 -1 0 -1
37.300000 72.600000 38 -1 -1
21.500000 32.700000 20 -1 -1
18.500000 19.300000 -1 -1 -1
29.600000 90.300000 -1 -1 -1
56.400000 16.100000 -1 78 -1
34.800000 66.200000 -1 -1 -1
71.400000 78.500000 -1 -1 16
88.600000 49.200000 -1 -1 -1
40.900000 88.300000 89 -1 -1
79.700000 69.100000 60 -1 -1
78.300000 34.800000 -1 -1 -1
22.000000 95.100000 -1 98 -1
94.000000 36.700000 -1 -1 -1
3.800000 63.700000 41 -1 -1
10.300000 69.000000 19 -1 -1
77.200000 25.400000 -1 -1 -1
59.800000 80.400000 -1 -1 -1
45.400000 67.500000 -1 -1 -1
54.800000 1.900000 69 -1 -1
39.000000 73.800000 -1 -1 -1
99.600000 61.200000 -1 -1 20
73.900000 13.300000 -1 -1 -1
94.200000 2.600000 -1 -1 -1
85.300000 34.300000 -1 -1 -1
3.300000 41.100000 -1 41 -1
99.200000 95.300000 -1 -1 -1
73.000000 36.300000 67 -1 -1
5.900000 15.500000 -1 72 -1
60.100000 98.500000 2 -1 -1
88.600000 70.200000 -1 -1 -1
35.000000 89.900000 -1 10 -1
34.300000 91.300000 -1 -1 -1
86.500000 53.500000 -1 -1 11
88.300000 32.700000 -1 -1 18
98.400000 82.500000 31 -1 -1
89.600000 69.600000 98 -1 -1
20.600000 54.500000 -1 -1 28
91.900000 96.900000 -1 52 -1
40.500000 26.500000 -1 -1 -1
78.900000 63.400000 -1 -1 -1
52.800000 18.500000 8 -1 -1
13.700000 29.900000 -1 -1 -1
20.900000 28.600000 14 -1 -1
31.300000 32.100000 -1 14 -1
47.600000 4.000000 -1 83 -1
63.700000 37.900000 -1 -1 82
11.700000 91.700000 -1 99 -1
27.500000 38.200000 44 -1 -1
25.300000 93.100000 -1 -1 50
16.600000 82.000000 54 -1 -1
44.000000 13.400000 -1 -1 -1
62.700000 4.600000 -1 -1 -1
58.800000 48.600000 -1 -1 22
81.200000 30.000000 -1 -1 -1
45.900000 84.200000 -1 -1 -1
2.200000 22.600000 -1 -1 -1
51.700000 4.300000 -1 -1 -1
83.400000 53.000000 -1 -1 73
24.000000 23.400000 -1 65 -1
71.400000 36.600000 -1 -1 -1
26.100000 44.600000 -1 -1 31
51.700000 16.000000 88 -1 -1
16.500000 80.600000 -1 -1 -1
63.200000 59.700000 -1 -1 89
72.300000 78.700000 66 -1 -1
17.600000 89.500000 85 -1 -1
65.900000 40.800000 -1 54 -1
85.200000 42.200000 -1 89 -1
76.900000 47.800000 -1 -1 -1
97.600000 50.400000 -1 -1 -1
67.400000 77.900000 -1 -1 -1
32.600000 8.100000 -1 -1 -1
66.400000 91.800000 -1 -1 -1
97.500000 46.100000 -1 -1 16
2.200000 89.000000 78 -1 -1
16.900000 21.200000 -1 -1 12
25.700000 97.800000 -1 -1 -1
82.700000 95.600000 -1 -1 -1
49.600000 18.000000 85 -1 -1
75.100000 26.400000 -1 -1 -1
26.000000 12.800000 -1 -1 -1
62.000000 23.700000 92 -1 -1
60.800000 18.400000 -1 -1 68
3.200000 46.200000 -1 45 -1
42.700000 3.200000 -1 -1 62
88.300000 79.100000 -1 -1 1
35.600000 50.000000 -1 -1 -1
75.100000 7.500000 -1 -1 -1
30.700000 31.700000 7 -1 -1
31.100000 10.100000 2 -1 -1
44.600000 54.100000 -1 9 -1
69.700000 95.300000 -1 21 -1
83.200000 74.400000 -1 34 -1
38.400000 5.600000 -1 -1 -1
50.100000 12.200000 -1 71 -1
78.600000 63.400000 -1 -1 46
91.200000 42.100000 -1 -1 -1
86.000000 71.200000 -1 -1 3
96.400000 66.900000 -1 -1 54
30.200000 54.500000 -1 -1 -1
73.200000 8.200000 -1 90 -1
63.500000 84.900000 -1 93 -1
0.600000 68.600000 -1 93 -1
54.400000 57.300000 96 -1 -1
44.000000 6.200000 -1 -1 -1
24.400000 42.200000 -1 -1 -1
26.100000 35.900000 -1 -1 37
50.700000 61.300000 35 -1 -1
35.800000 46.800000 -1 -1 93
70.000000 62.700000 -1 11 -1
0.500000 61.200000 -1 -1 18
6.500000 94.200000 -1 -1 -1
92.800000 29.800000 -1 5 -1
77.400000 38.500000 -1 -1 -1
43.100000 27.200000 -1 -1 30
25.800000 64.000000 38 -1 -1
69.100000 71.600000 -1 -1 -1
80.100000 29.000000 -1 -1 -1
74.300000 47.500000 -1 -1 -1
6.700000 57.300000 39 -1 -1
90.900000 52.000000 -1 -1 77
1.500000 59.900000 -1 -1 -1
21.700000 44.000000 -1 -1 -1
23.300000 90.300000 72 -1 -1
74.300000 78.800000 28 -1 -1
96.600000 56.100000 -1 -1 -1
30.400000 64.200000 -1 -1 -1
26.600000 28.000000 -1 -1 -1
84.800000 4.000000 -1 -1 -1
31.600000 60.500000 -1 -1 -1
39.800000 51.600000 -1 -1 -1
44.400000 63.500000 -1 32 -1
52.200000 92.600000 -1 -1 36
5.400000 84.000000 -1 -1 -1
30.700000 89.200000 -1 90 -1
12.500000 75.000000 51 -1 -1
72.200000 85.000000 97 -1 -1
73.100000 17.500000 -1 33 -1
95.600000 38.400000 -1 19 -1
7.700000 40.100000 -1 1 -1
74.600000 8.200000 -1 -1 -1
23.800000 39.700000 -1 15 -1
41.000000 64.400000 -1 44 -1
59.300000 10.000000 -1 -1 93
69.800000 44.900000 -1 51 -1
8.700000 0.400000 83 -1 -1
54.600000 48.100000 -1 -1 49
25.500000 87.200000 -1 -1 -1
60.100000 33.800000 -1 -1 -1
9.400000 42.300000 -1 -1 -1
73.300000 65.500000 -1 -1 -1
48.700000 74.600000 -1 -1 -1
80.600000 84.400000 -1 -1 64
28.300000 66.900000 86 -1 -1
98.400000 33.800000 -1 -1 59
61.600000 87.300000 -1 -1 53
3.700000 84.200000 77 -1 -1
52.800000 52.600000 -1 -1 -1
16.200000 26.200000 -1 77 -1
19.700000 88.000000 -1 -1 -1
91.500000 36.900000 18 -1 -1
53.600000 53.600000 -1 -1 68
46.800000 43.700000 21 -1 -1
57.800000 71.000000 -1 -1 17
24.900000 66.200000 69 -1 -1
30.200000 87.800000 -1 -1 -1
65.000000 29.700000 -1 -1 -1
5.500000 97.700000 -1 -1 1
43.800000 36.000000 -1 67 -1
56.000000 75.000000 -1 99 -1
80.300000 37.500000 -1 -1 -1
75.300000 42.700000 -1 89 -1
47.700000 86.800000 -1 -1 15
63.100000 70.400000 67 -1 -1
85.100000 15.900000 -1 -1 -1
75.900000 93.700000 -1 -1 -1
96.700000 14.200000 -1 -1 -1
81.800000 41.800000 -1 -1 -1
80.700000 77.800000 -1 -1 63
55.300000 34.500000 -1 41 -1
29.300000 85.200000 -1 -1 -1
99.500000 89.100000 61 -1 -1
39.900000 39.000000 53 -1 -1
86.600000 41.900000 -1 -1 60
0.400000 97.000000 -1 -1 -1
2.700000 78.800000 -1 -1 -1
71.700000 9.700000 -1 -1 -1
35.300000 88.500000 -1 86 -1
10.100000 21.800000 -1 -1 95
35.600000 17.900000 -1 98 -1
55.300000 58.200000 -1 63 -1
11.400000 88.000000 -1 -1 -1
86.800000 37.200000 -1 96 -1
55.000000 77.200000 30 -1 -1
36.200000 56.100000 -1 -1 -1
73.000000 32.300000 -1 -1 -1
89.800000 64.800000 -1 29 -1
96.000000 91.300000 -1 -1 -1
46.900000 78.300000 -1 -1 -1
20.000000 86.300000 -1 -1 15
89.800000 19.700000 -1 3 -1
78.200000 18.700000 -1 -1 10
26.700000 68.400000 -1 -1 91
35.500000 67.500000 -1 -1 -1
10.500000 23.000000 -1 50 -1
74.300000 2.400000 -1 -1 37
26.600000 19.700000 -1 -1 -1
26.000000 2.600000 -1 -1 -1
38.600000 39.900000 -1 -1 -1
78.100000 96.700000 -1 96 -1
1.700000 89.400000 28 -1 -1
57.000000 72.000000 -1 54 -1
31.100000 84.900000 -1 -1 -1
36.800000 39.000000 -1 81 -1
53.200000 2.400000 29 -1 -1
75.200000 57.800000 -1 -1 -1
40.600000 16.800000 -1 -1 -1
62.200000 67.000000 82 -1 -1
83.300000 56.600000 -1 -1 -1
0.200000 60.100000 -1 -1 -1
67.900000 25.500000 -1 64 -1
30.900000 91.700000 -1 -1 51
92.800000 73.700000 -1 -1 -1
54.900000 41.800000 -1 -1 30
29.900000 71.200000 -1 -1 65
53.000000 26.700000 -1 33 -1
1.800000 50.500000 84 -1 -1
66.900000 73.200000 -1 -1 51
55.800000 14.200000 -1 -1 -1
42.100000 68.900000 98 -1 -1
5.000000 44.700000 -1 -1 -1
61.700000 99.000000 -1 72 -1
0.400000 52.600000 -1 -1 96
92.500000 65.000000 -1 -1 -1
49.000000 79.000000 -1 -1 -1
39.000000 9.600000 -1 -1 -1
74.400000 93.500000 -1 -1 -1
80.500000 29.500000 -1 -1 -1
6.300000 96.400000 -1 74 -1
27.200000 62.800000 -1 -1 50
26.600000 7.800000 -1 -1 -1
82.100000 33.600000 -1 -1 -1
67.700000 43.100000 -1 27 -1
56.200000 46.000000 32 -1 -1
63.800000 61.300000 91 -1 -1
50.100000 7.200000 56 -1 -1
1.100000 8.800000 -1 -1 11
10.100000 91.900000 -1 -1 21
80.800000 9.600000 -1 -1 -1
79.800000 78.500000 -1 -1 -1
2.900000 87.200000 -1 -1 35
32.500000 39.600000 -1 46 -1
21.500000 16.900000 -1 -1 -1
11.200000 24.600000 32 -1 -1
74.400000 25.700000 -1 -1 -1
53.500000 36.000000 -1 42 -1
99.500000 62.500000 -1 -1 -1
62.100000 39.000000 -1 -1 54
93.600000 53.800000 -1 21 -1
56.400000 27.500000 65 -1 -1
45.600000 99.900000 -1 28 -1
18.700000 30.200000 -1 -1 -1
53.400000 45.700000 88 -1 -1
3.000000 2.600000 -1 -1 -1
56.100000 75.300000 -1 -1 -1
75.400000 8.500000 -1 -1 51
40.000000 21.000000 -1 -1 -1
43.300000 16.600000 -1 -1 -1
72.600000 75.800000 6 -1 -1
89.700000 52.300000 -1 -1 40
68.100000 53.700000 85 -1 -1
30.900000 91.300000 16 -1 -1
82.700000 54.400000 4 -1 -1
31.500000 97.200000 -1 -1 -1
96.000000 20.800000 53 -1 -1
69.200000 85.900000 -1 -1 -1
69.400000 5.700000 -1 -1 -1
63.100000 73.400000 -1 -1 -1
87.500000 99.400000 -1 -1 -1
22.500000 2.100000 -1 71 -1
6.500000 41.800000 -1 -1 57
66.800000 94.700000 -1 -1 -1
85.400000 81.800000 -1 -1 -1
73.700000 95.500000 -1 61 -1
23.600000 99.700000 -1 47 -1
77.700000 32.200000 -1 -1 -1
19.000000 4.900000 -1 -1 16
93.000000 69.600000 -1 91 -1
0.300000 7.700000 -1 -1 -1
53.900000 1.300000 -1 -1 -1
69.600000 96.700000 -1 -1 -1
5.100000 67.500000 -1 20 -1
26.400000 52.500000 -1 97 -1
8.700000 5.300000 -1 -1 -1
6.300000 64.500000 -1 -1 -1
70.800000 45.400000 -1 -1 54
80.600000 71.000000 -1 -1 24
89.800000 62.500000 -1 -1 -1
49.300000 31.700000 48 -1 -1
8.900000 32.000000 64 -1 -1
88.200000 46.100000 95 -1 -1
84.200000 84.400000 10 -1 -1
18.400000 61.200000 -1 -1 -1
59.800000 5.300000 59 -1 -1
78.000000 27.100000 -1 -1 -1
9.300000 69.700000 -1 -1 -1
54.400000 54.800000 -1 -1 -1
54.900000 41.200000 -1 -1 -1
98.000000 99.600000 -1 -1 70
27.800000 50.100000 57 -1 -1
59.100000 13.600000 -1 -1 12
91.200000 87.200000 -1 26 -1
14.800000 77.900000 -1 81 -1
8.200000 45.500000 -1 -1 77
29.000000 86.100000 -1 -1 64
77.900000 9.700000 -1 -1 22
33.000000 58.200000 12 -1 -1
47.000000 46.900000 -1 -1 -1
81.100000 87.000000 -1 95 -1
57.500000 66.400000 -1 -1 62
36.000000 34.400000 -1 -1 -1
54.500000 40.100000 -1 -1 -1
15.000000 87.500000 -1 72 -1
74.000000 81.400000 -1 45 -1
57.400000 96.700000 -1 -1 -1
43.000000 35.500000 -1 -1 43
44.600000 91.200000 -1 -1 5
62.400000 99.700000 -1 12 -1
77.400000 77.800000 -1 -1 71
26.800000 66.600000 -1 -1 8
90.100000 34.000000 -1 -1 42
92.000000 75.200000 -1 18 -1
47.400000 99.900000 -1 -1 -1
57.800000 56.100000 -1 -1 17
5.800000 27.900000 -1 -1 86
48.800000 67.000000 -1 49 -1
40.500000 19.300000 -1 -1 -1
11.900000 36.100000 -1 11 -1
57.500000 86.400000 53 -1 -1
96.400000 66.300000 -1 -1 -1
87.900000 99.700000 -1 99 -1
89.300000 56.900000 63 -1 -1
39.100000 76.800000 -1 51 -1
71.500000 37.200000 -1 90 -1
65.600000 98.900000 -1 -1 83
91.700000 26.600000 80 -1 -1
78.100000 27.300000 -1 -1 -1
18.000000 76.800000 -1 -1 -1
49.000000 69.600000 14 -1 -1
54.100000 0.200000 -1 -1 75
48.100000 4.400000 -1 -1 -1
79.700000 44.000000 -1 -1 11
49.800000 79.400000 -1 -1 -1
68.900000 1.300000 -1 -1 65
58.600000 8.200000 -1 -1 30
64.100000 18.500000 35 -1 -1
23.500000 58.100000 -1 27 -1
1.400000 21.400000 -1 -1 -1
46.600000 51.800000 -1 72 -1
32.300000 52.000000 -1 -1 -1
81.000000 80.200000 -1 -1 -1
60.500000 64.500000 -1 -1 -1
32.600000 11.600000 -1 -1 -1
56.800000 40.700000 -1 13 -1
69.800000 55.900000 -1 -1 -1
93.800000 1.400000 -1 14 -1
68.000000 63.100000 -1 0 -1
80.500000 38.600000 -1 -1 88
90.100000 58.100000 -1 58 -1
39.800000 18.600000 -1 -1 0
60.200000 6.100000 -1 -1 25
78.900000 26.700000 -1 -1 -1
34.400000 23.400000 -1 -1 82
35.100000 75.500000 -1 29 -1
22.600000 55.400000 97 -1 -1
81.900000 65.600000 92 -1 -1
17.500000 35.000000 -1 -1 -1
74.300000 38.400000 -1 -1 -1
86.600000 81.500000 -1 -1 19
68.900000 30.300000 -1 30 -1
0.400000 5.100000 37 -1 -1
88.600000 17.700000 -1 -1 58
46.600000 14.400000 -1 -1 30
35.100000 56.000000 44 -1 -1
44.600000 50.000000 -1 59 -1
77.200000 18.600000 -1 -1 35
2.100000 6.800000 -1 -1 -1
97.500000 16.200000 -1 2 -1
60.500000 79.900000 -1 -1 54
66.100000 57.500000 -1 -1 -1
40.800000 58.000000 -1 -1 4
52.000000 93.700000 23 -1 -1
17.700000 72.800000 15 -1 -1
89.300000 10.400000 -1 -1 14
29.000000 77.500000 28 -1 -1
4.700000 0.600000 -1 -1 -1
88.100000 48.800000 -1 -1 -1
5.100000 75.400000 -1 -1 -1
92.800000 59.600000 -1 -1 57
93.000000 50.100000 74 -1 -1
32.300000 85.500000 -1 38 -1
22.300000 61.800000 41 -1 -1
41.300000 3.800000 -1 -1 -1
35.100000 19.100000 44 -1 -1
54.000000 26.700000 -1 21 -1
14.600000 22.200000 -1 -1 -1
6.800000 67.100000 -1 -1 -1
77.700000 83.600000 -1 -1 -1
84.000000 30.900000 -1 -1 -1
18.500000 96.000000 41 -1 -1
76.200000 63.300000 74 -1 -1
18.800000 27.600000 75 -1 -1
15.500000 93.000000 -1 -1 21
74.900000 63.700000 0 -1 -1
94.200000 1.000000 -1 -1 95
2.900000 20.500000 -1 -1 1
34.100000 52.900000 -1 68 -1
78.600000 46.900000 -1 7 -1
67.700000 81.800000 -1 -1 -1
97.100000 58.700000 79 -1 -1
95.300000 73.800000 -1 -1 -1
56.600000 98.500000 -1 -1 13
13.700000 95.800000 -1 -1 -1
54.200000 74.200000 76 -1 -1
13.600000 18.900000 -1 -1 94
21.900000 58.300000 -1 -1 -1
42.400000 95.000000 23 -1 -1
45.000000 31.300000 32 -1 -1
79.600000 26.000000 -1 -1 -1
46.500000 84.000000 89 -1 -1
79.500000 27.100000 -1 -1 -1
74.900000 11.100000 25 -1 -1
80.900000 78.900000 -1 75 -1
26.500000 92.500000 -1 -1 -1
63.900000 70.100000 -1 88 -1
28.500000 72.600000 -1 -1 -1
21.400000 77.300000 25 -1 -1
30.600000 24.800000 -1 10 -1
20.900000 96.100000 -1 -1 -1
2.200000 92.500000 33 -1 -1
32.800000 26.300000 -1 80 -1
78.300000 56.200000 -1 -1 -1
88.000000 9.500000 -1 -1 -1
10.700000 81.200000 -1 29 -1
53.500000 58.700000 -1 35 -1
13.000000 74.800000 -1 -1 -1
3.700000 43.600000 -1 23 -1
81.000000 52.300000 -1 -1 -1
4.500000 54.000000 10 -1 -1
25.800000 92.600000 53 -1 -1
70.600000 57.500000 79 -1 -1
43.400000 44.300000 -1 -1 -1
57.800000 99.200000 -1 -1 81
30.700000 25.200000 -1 -1 -1
50.200000 10.500000 -1 -1 39
53.500000 8.200000 -1 65 -1
23.800000 11.000000 -1 99 -1
69.000000 18.500000 -1 -1 -1
85.300000 28.000000 -1 -1 -1
76.000000 95.800000 -1 -1 -1
9.300000 25.600000 40 -1 -1
38.900000 17.700000 -1 -1 -1
49.400000 28.000000 -1 -1 -1
62.000000 75.900000 -1 24 -1
49.900000 95.200000 -1 17 -1
44.200000 53.300000 -1 -1 -1
22.800000 37.800000 -1 -1 47
38.500000 49.700000 89 -1 -1
76.000000 57.100000 -1 -1 93
52.500000 15.100000 -1 -1 11
34.500000 35.300000 -1 -1 11
16.800000 59.500000 98 -1 -1
50.900000 54.300000 -1 -1 45
58.400000 95.600000 36 -1 -1
74.400000 88.800000 -1 -1 95
95.600000 31.300000 -1 -1 87
90.400000 94.800000 -1 21 -1
67.500000 47.400000 85 -1 -1
79.500000 20.400000 31 -1 -1
44.400000 5.800000 -1 -1 -1
76.300000 95.400000 -1 -1 78
86.900000 49.900000 -1 -1 70
72.400000 21.300000 -1 -1 -1
51.300000 43.100000 -1 -1 -1
31.600000 83.600000 -1 -1 8
35.400000 6.400000 -1 -1 -1
96.600000 31.500000 -1 24 -1
45.900000 19.600000 62 -1 -1
62.400000 71.300000 30 -1 -1
64.300000 77.000000 -1 -1 55
96.400000 20.500000 -1 51 -1
31.600000 82.700000 -1 -1 64
21.800000 19.800000 -1 78 -1
83.400000 48.800000 -1 -1 -1
80.800000 13.800000 -1 -1 -1
20.400000 27.400000 -1 -1 58
40.100000 60.500000 -1 -1 -1
97.200000 6.200000 -1 -1 -1
60.900000 59.000000 -1 -1 57
73.800000 41.300000 -1 -1 -1
39.300000 38.100000 84 -1 -1
85.900000 22.200000 -1 29 -1
57.400000 2.900000 -1 -1 97
13.800000 16.100000 -1 -1 -1
96.000000 28.000000 -1 60 -1
2.700000 4.000000 -1 -1 35
91.300000 71.000000 -1 -1 97
19.200000 68.400000 52 -1 -1
26.200000 6.500000 -1 -1 61
1.100000 67.000000 -1 -1 -1
36.900000 38.100000 -1 53 -1
62.500000 51.300000 -1 29 -1
69.300000 24.600000 -1 -1 -1
41.900000 44.200000 69 -1 -1
71.100000 62.400000 -1 -1 -1
69.200000 98.800000 -1 -1 26
70.200000 88.100000 -1 -1 -1
28.900000 77.900000 -1 -1 -1
93.400000 91.400000 -1 -1 84
53.900000 73.100000 -1 -1 -1
82.700000 70.300000 -1 -1 -1
31.400000 48.300000 -1 82 -1
52.800000 39.800000 -1 86 -1
96.100000 35.600000 -1 64 -1
27.200000 72.800000 -1 8 -1
31.500000 56.600000 4 -1 -1
89.700000 63.300000 -1 -1 -1
71.200000 4.700000 -1 -1 72
50.700000 60.000000 8 -1 -1
70.400000 23.200000 38 -1 -1
29.100000 30.100000 -1 -1 -1
78.900000 48.300000 -1 -1 -1
96.700000 48.400000 -1 75 -1
63.700000 35.400000 82 -1 -1
65.400000 36.800000 -1 -1 -1
98.600000 79.100000 -1 55 -1
10.000000 92.200000 -1 -1 -1
87.800000 15.300000 -1 -1 -1
52.300000 62.500000 89 -1 -1
23.800000 62.300000 -1 0 -1
7.400000 31.500000 -1 75 -1
6.200000 39.600000 -1 -1 -1
95.400000 55.500000 -1 -1 -1
27.100000 79.700000 -1 -1 -1
22.500000 8.900000 -1 -1 -1
22.100000 76.200000 -1 -1 -1
25.800000 54.100000 36 -1 -1
61.700000 91.400000 58 -1 -1
97.500000 84.800000 25 -1 -1
17.900000 77.700000 -1 71 -1
96.300000 3.700000 72 -1 -1
62.500000 43.800000 -1 -1 0
71.100000 99.700000 -1 -1 -1
4.400000 99.100000 -1 -1 -1
37.000000 31.200000 -1 -1 -1
64.200000 6.900000 -1 -1 -1
5.300000 93.400000 9 -1 -1
30.900000 19.000000 -1 -1 -1
41.100000 82.000000 75 -1 -1
34.200000 61.500000 -1 -1 41
18.100000 35.900000 -1 58 -1
77.600000 45.600000 -1 37 -1
39.900000 23.400000 -1 -1 -1
81.200000 80.000000 -1 -1 -1
78.100000 77.100000 66 -1 -1
59.700000 83.900000 -1 -1 -1
89.800000 76.400000 -1 -1 -1
28.500000 85.500000 -1 -1 -1
52.600000 97.200000 -1 -1 93
86.400000 16.700000 -1 -1 -1
40.000000 17.700000 -1 -1 -1
83.100000 9.900000 -1 -1 -1
32.500000 31.400000 2 -1 -1
96.800000 10.700000 -1 50 -1
99.700000 70.200000 -1 -1 -1
97.800000 11.300000 -1 -1 -1
84.200000 20.100000 -1 -1 -1
51.800000 92.000000 -1 -1 88
30.100000 15.000000 -1 8 -1
18.900000 89.900000 -1 -1 -1
11.600000 28.900000 -1 43 -1
9.000000 56.300000 -1 -1 -1
20.000000 57.800000 -1 2 -1
31.500000 23.900000 -1 -1 -1
67.800000 95.100000 -1 -1 -1
96.800000 27.200000 -1 -1 -1
84.400000 55.400000 -1 -1 11
14.700000 38.100000 -1 -1 -1
81.800000 2.100000 -1 -1 -1
22.100000 78.600000 -1 37 -1
31.500000 9.800000 -1 -1 -1
64.000000 21.400000 -1 -1 -1
96.800000 0.100000 18 -1 -1
42.800000 54.500000 -1 55 -1
61.600000 68.600000 -1 -1 -1
63.300000 39.900000 -1 -1 -1
88.200000 17.400000 22 -1 -1
68.800000 92.300000 -1 -1 -1
13.900000 5.900000 -1 -1 -1
60.800000 68.200000 -1 -1 -1
40.800000 41.600000 -1 -1 39
42.000000 83.600000 -1 28 -1
51.000000 65.500000 -1 -1 -1
58.800000 16.400000 -1 43 -1
79.500000 85.700000 -1 -1 80
90.700000 15.600000 -1 -1 -1
8.100000 45.300000 17 -1 -1
15.200000 42.800000 6 -1 -1
85.400000 39.200000 -1 -1 -1
92.500000 66.000000 -1 -1 44
73.000000 33.200000 -1 9 -1
83.200000 18.500000 -1 41 -1
36.100000 56.200000 -1 -1 -1
14.400000 92.800000 -1 -1 82
10.300000 72.000000 -1 -1 -1
53.100000 44.000000 58 -1 -1
98.200000 24.400000 -1 -1 -1
51.000000 3.600000 -1 -1 -1
22.400000 60.500000 -1 -1 42
48.400000 84.100000 -1 -1 -1
93.000000 56.300000 -1 -1 -1
0.500000 81.600000 -1 -1 -1
54.100000 31.200000 -1 -1 71
15.500000 42.400000 -1 8 -1
24.400000 17.000000 -1 -1 43
70.600000 86.100000 -1 -1 -1
89.500000 67.000000 71 -1 -1
20.000000 7.300000 -1 -1 -1
62.400000 62.000000 -1 -1 -1
14.800000 59.100000 -1 -1 -1
63.200000 55.200000 -1 -1 -1
34.700000 56.500000 -1 -1 37
43.700000 90.300000 80 -1 -1
82.400000 57.400000 -1 -1 -1
97.500000 24.600000 -1 76 -1
33.700000 74.200000 -1 18 -1
53.400000 78.000000 -1 -1 92
21.900000 48.300000 24 -1 -1
28.600000 9.800000 -1 -1 -1
12.900000 87.800000 67 -1 -1
71.800000 53.300000 -1 -1 -1
46.400000 59.800000 -1 -1 2
86.300000 55.900000 -1 -1 61
6.300000 88.700000 -1 -1 63
27.700000 8.200000 -1 -1 -1
17.300000 5.400000 -1 36 -1
85.400000 32.800000 -1 -1 -1
47.100000 30.000000 -1 -1 -1
27.900000 39.500000 -1 -1 -1
68.200000 96.000000 93 -1 -1
98.900000 67.900000 -1 -1 15
98.200000 98.100000 -1 -1 35
73.500000 76.400000 -1 18 -1
65.100000 0.700000 -1 -1 -1
85.500000 21.200000 -1 -1 21
57.700000 47.700000 -1 -1 -1
47.600000 33.600000 3 -1 -1
89.500000 20.900000 -1 74 -1
23.900000 85.200000 -1 -1 58
90.400000 4.000000 -1 -1 -1
78.100000 11.100000 74 -1 -1
34.400000 45.700000 -1 -1 82
61.500000 92.300000 6 -1 -1
33.700000 51.400000 -1 -1 36
26.700000 97.600000 -1 -1 -1
79.200000 5.300000 11 -1 -1
0.200000 89.900000 41 -1 -1
2.500000 82.200000 -1 -1 75
14.400000 85.600000 66 -1 -1
42.700000 15.000000 -1 -1 78
65.800000 5.800000 23 -1 -1
54.400000 45.900000 94 -1 -1
11.900000 96.700000 -1 -1 -1
56.300000 75.300000 -1 58 -1
44.000000 16.000000 -1 -1 27
34.500000 11.800000 -1 -1 -1
6.900000 22.800000 24 -1 -1
99.600000 75.100000 -1 -1 -1
4.800000 74.700000 -1 79 -1
27.500000 16.700000 78 -1 -1
24.100000 75.900000 53 -1 -1
5.200000 73.500000 -1 -1 67
51.100000 61.800000 -1 -1 66
6.000000 12.400000 22 -1 -1
75.000000 61.300000 -1 -1 -1
82.200000 1.200000 -1 -1 -1
29.000000 41.500000 -1 -1 -1
2.400000 96.300000 66 -1 -1
48.500000 50.700000 -1 -1 -1
50.200000 10.000000 -1 40 -1
38.900000 77.700000 77 -1 -1
75.300000 90.800000 33 -1 -1
39.900000 67.600000 -1 -1 -1
40.500000 16.800000 -1 -1 -1
91.800000 7.700000 -1 -1 -1
91.100000 37.800000 -1 -1 -1
62.400000 83.200000 -1 -1 -1
21.000000 79.500000 68 -1 -1
50.200000 4.400000 -1 -1 11
5.200000 14.300000 92 -1 -1
0.600000 98.500000 -1 -1 -1
28.600000 41.100000 -1 50 -1
81.600000 76.800000 -1 -1 -1
70.400000 7.800000 67 -1 -1
91.700000 69.000000 -1 -1 -1
62.500000 77.000000 -1 15 -1
43.200000 60.700000 -1 -1 -1
10.700000 73.200000 -1 -1 59
22.100000 92.700000 -1 -1 -1
68.500000 90.600000 -1 53 -1
77.200000 10.900000 -1 47 -1
54.600000 4.400000 -1 -1 -1
84.500000 93.900000 -1 -1 41
50.000000 46.200000 -1 -1 99
6.600000 0.500000 -1 -1 82
25.900000 22.700000 -1 -1 -1
53.200000 82.700000 -1 -1 -1
81.300000 72.600000 -1 -1 -1
72.800000 63.500000 -1 -1 -1
33.100000 0.700000 22 -1 -1
58.700000 90.800000 -1 90 -1
6.100000 99.200000 -1 -1 -1
71.100000 9.300000 -1 44 -1
97.900000 90.700000 15 -1 -1
6.500000 9.500000 -1 -1 -1
21.800000 19.000000 -1 -1 -1
26.000000 0.200000 -1 -1 -1
16.800000 70.100000 93 -1 -1
48.800000 84.100000 -1 -1 67
54.400000 69.800000 -1 -1 -1
34.400000 75.000000 -1 31 -1
46.100000 79.900000 -1 2 -1
31.000000 93.000000 -1 -1 28
64.400000 91.500000 -1 -1 -1
5.900000 24.700000 -1 -1 -1
65.500000 14.200000 -1 -1 -1
31.900000 12.200000 -1 -1 -1
54.400000 37.000000 -1 -1 66
30.000000 96.500000 -1 -1 -1
27.800000 22.100000 82 -1 -1
5.900000 67.900000 -1 88 -1
20.900000 94.800000 -1 -1 4
89.200000 26.900000 -1 53 -1
29.000000 89.500000 55 -1 -1
19.200000 32.700000 88 -1 -1
21.900000 94.700000 -1 -1 41
15.100000 31.100000 -1 -1 -1
52.200000 70.400000 -1 -1 49
98.400000 62.100000 -1 46 -1
64.000000 22.100000 -1 -1 70
93.700000 74.900000 -1 -1 -1
67.200000 28.500000 -1 -1 -1
67.600000 94.300000 -1 -1 -1
4.900000 9.000000 -1 -1 75
79.800000 74.900000 -1 -1 -1
32.000000 38.600000 -1 10 -1
88.300000 57.800000 -1 63 -1
13.700000 42.000000 -1 -1 38
58.200000 67.800000 -1 -1 -1
54.500000 94.500000 -1 74 -1
6.400000 37.500000 -1 82 -1
47.600000 14.900000 85 -1 -1
49.100000 66.300000 -1 -1 -1
95.200000 8.600000 -1 -1 99
91.100000 41.500000 92 -1 -1
0.000000 91.400000 -1 88 -1
94.500000 33.300000 -1 -1 -1
24.000000 14.700000 79 -1 -1
6.200000 66.700000 -1 -1 -1
12.200000 41.300000 -1 -1 84
43.100000 74.900000 -1 28 -1
65.200000 3.500000 -1 -1 -1
19.000000 80.300000 57 -1 -1
8.400000 82.900000 -1 -1 -1
85.100000 82.100000 -1 -1 -1
2.200000 45.300000 -1 15 -1
54.500000 76.800000 -1 -1 -1
63.300000 1.200000 -1 -1 -1
33.100000 93.800000 43 -1 -1
27.600000 9.300000 -1 90 -1
82.700000 61.800000 -1 -1 -1
61.600000 19.600000 -1 -1 28
67.900000 63.700000 29 -1 -1
96.600000 83.900000 -1 -1 -1
42.900000 23.100000 -1 -1 -1
96.400000 1.800000 -1 -1 36
20.300000 39.900000 -1 -1 -1
23.500000 84.800000 -1 -1 96
72.400000 67.400000 -1 -1 -1
15.400000 54.200000 -1 -1 32
70.100000 26.700000 -1 -1 11
77.700000 98.400000 -1 15 -1
82.300000 56.300000 -1 6 -1
36.400000 3.400000 -1 59 -1
77.000000 5.500000 64 -1 -1
56.900000 37.300000 -1 12 -1
21.300000 83.600000 -1 -1 -1
77.500000 36.300000 -1 -1 -1
58.600000 15.100000 -1 68 -1
4.000000 23.400000 -1 -1 -1
12.100000 40.300000 -1 -1 -1
66.900000 98.200000 -1 -1 -1
66.400000 96.600000 -1 15 -1
20.100000 12.900000 -1 -1 -1
39.600000 59.200000 -1 -1 31
84.100000 2.000000 -1 -1 11
96.100000 82.300000 10 -1 -1
2.700000 44.500000 70 -1 -1
78.600000 62.800000 -1 -1 54
99.500000 18.200000 -1 22 -1
3.100000 59.200000 -1 -1 35
35.500000 70.600000 63 -1 -1
99.900000 57.300000 39 -1 -1
84.700000 99.800000 -1 52 -1
99.100000 18.900000 11 -1 -1
8.600000 10.100000 -1 -1 80
58.700000 81.500000 93 -1 -1
29.600000 97.600000 -1 -1 -1
94.800000 57.300000 -1 -1 4
49.600000 70.500000 -1 -1 -1
2.900000 38.500000 -1 -1 -1
59.000000 53.600000 -1 -1 -1
8.000000 74.300000 -1 50 -1
59.000000 90.600000 -1 -1 39
28.800000 57.300000 -1 -1 -1
26.400000 97.700000 -1 -1 -1
31.300000 10.400000 -1 -1 -1
39.300000 61.100000 -1 -1 -1
83.500000 2.300000 -1 -1 94
29.600000 30.500000 0 -1 -1
94.100000 37.800000 -1 -1 75
50.900000 72.500000 -1 87 -1
92.000000 43.800000 6 -1 -1
63.200000 35.400000 -1 66 -1
16.400000 56.500000 -1 -1 -1
35.700000 64.300000 -1 -1 -1
91.000000 34.600000 -1 -1 44
40.100000 87.700000 -1 -1 -1
58.300000 45.700000 -1 -1 -1
60.800000 4.000000 31 -1 -1
13.900000 83.500000 -1 -1 27
90.200000 96.500000 53 -1 -1
15.400000 86.700000 -1 -1 -1
31.700000 19.100000 -1 -1 -1
21.700000 55.700000 -1 14 -1
79.700000 80.800000 33 -1 -1
71.900000 23.100000 -1 -1 -1
60.900000 84.300000 99 -1 -1
1.000000 29.200000 -1 -1 -1
31.800000 20.600000 -1 -1 -1
85.000000 90.000000 63 -1 -1
91.500000 94.200000 -1 -1 -1
29.700000 89.600000 22 -1 -1
9.400000 40.900000 -1 -1 -1
80.300000 50.600000 66 -1 -1
70.000000 35.000000 45 -1 -1
91.500000 18.800000 -1 -1 -1
32.600000 79.500000 -1 -1 -1
15.400000 16.800000 -1 -1 -1
73.100000 29.700000 -1 -1 -1
26.900000 97.800000 -1 26 -1
30.000000 86.300000 -1 46 -1
27.000000 71.100000 -1 -1 -1
6.800000 71.500000 -1 -1 -1
60.200000 73.400000 -1 -1 -1
63.600000 55.700000 -1 -1 -1
23.700000 96.800000 -1 -1 -1
4.400000 61.900000 -1 -1 58
56.700000 8.600000 62 -1 -1
42.900000 90.500000 -1 -1 -1
58.500000 30.500000 -1 -1 82
96.200000 38.800000 -1 -1 -1
49.000000 0.800000 -1 -1 -1
56.500000 96.800000 28 -1 -1
36.300000 22.900000 -1 -1 -1
35.300000 19.000000 -1 -1 -1
51.300000 60.200000 -1 -1 76
82.000000 10.200000 -1 -1 94
80.200000 68.800000 58 -1 -1
35.800000 91.900000 88 -1 -1
67.400000 59.300000 -1 -1 -1
14.000000 51.900000 94 -1 -1
56.300000 73.900000 -1 -1 66
18.900000 75.300000 -1 -1 -1
41.100000 42.100000 -1 -1 -1
12.600000 26.600000 -1 -1 -1
86.300000 62.800000 -1 -1 -1
7.800000 68.800000 -1 -1 -1
7.000000 36.400000 2 -1 -1
38.400000 47.500000 -1 -1 -1
63.600000 30.000000 -1 -1 5
51.700000 64.500000 -1 -1 -1
32.600000 13.900000 -1 23 -1
29.800000 64.100000 -1 -1 54
58.500000 30.300000 3 -1 -1
89.300000 41.600000 -1 -1 88
39.400000 44.200000 -1 26 -1
57.600000 86.700000 43 -1 -1
41.400000 5.700000 -1 -1 -1
26.600000 21.900000 -1 -1 -1
50.700000 62.800000 -1 53 -1
99.200000 48.500000 -1 -1 -1
20.200000 45.200000 -1 -1 -1
9.000000 69.000000 -1 68 -1
61.700000 57.800000 81 -1 -1
16.100000 53.500000 55 -1 -1
13.200000 44.100000 -1 -1 3
67.200000 53.200000 -1 -1 -1
12.000000 86.300000 -1 2 -1
56.400000 73.000000 -1 -1 -1
35.300000 71.600000 24 -1 -1
90.200000 62.000000 -1 93 -1
47.200000 72.400000 -1 1 -1
98.500000 0.000000 -1 36 -1
73.800000 91.100000 -1 -1 8
52.600000 5.000000 -1 -1 -1
12.800000 30.900000 66 -1 -1
64.700000 45.300000 -1 -1 75
27.400000 47.300000 -1 -1 80
64.900000 81.400000 -1 -1 4
70.100000 18.800000 17 -1 -1
24.900000 71.900000 -1 -1 -1
91.200000 39.500000 -1 -1 -1
1.000000 1.000000 -1 1 -1
74.200000 97.200000 -1 -1 6
7.800000 97.200000 -1 -1 -1
92.800000 99.900000 -1 -1 16
6.700000 29.300000 -1 63 -1
53.900000 46.600000 -1 -1 -1
0.900000 29.800000 -1 -1 49
61.400000 10.300000 25 -1 -1
64.300000 52.200000 -1 -1 -1
78.600000 56.600000 -1 -1 90
28.000000 19.300000 18 -1 -1
6.100000 83.300000 24 -1 -1
28.500000 31.300000 -1 -1 -1
72.400000 35.200000 75 -1 -1
35.100000 52.800000 -1 -1 64
93.000000 60.200000 41 -1 -1
5.000000 35.900000 -1 -1 34
15.200000 22.700000 -1 -1 -1
40.300000 30.200000 -1 36 -1
66.600000 94.700000 -1 -1 5
84.800000 50.900000 -1 -1 -1
70.800000 71.900000 -1 85 -1
15.600000 78.900000 -1 -1 22
7.700000 68.900000 -1 -1 9
60.200000 35.100000 65 -1 -1
67.000000 49.200000 -1 80 -1
25.700000 71.700000 -1 -1 -1
55.700000 49.200000 -1 75 -1
61.700000 0.500000 -1 -1 17
25.800000 78.300000 -1 -1 -1
65.200000 54.000000 -1 25 -1
91.100000 16.100000 -1 48 -1
18.400000 64.600000 -1 50 -1
76.300000 5.000000 -1 -1 -1
91.400000 51.900000 56 -1 -1
5.600000 39.500000 -1 -1 -1
98.600000 50.000000 -1 -1 -1
65.000000 41.800000 -1 -1 -1
77.200000 54.400000 -1 -1 -1
31.300000 77.200000 -1 -1 -1
36.100000 30.000000 -1 -1 75
2.000000 95.600000 36 -1 -1
9.900000 0.700000 -1 -1 -1
51.400000 92.900000 -1 39 -1
12.500000 33.300000 -1 -1 -1
58.700000 20.100000 55 -1 -1
99.700000 95.600000 -1 18 -1
22.700000 96.100000 -1 -1 57
46.600000 36.500000 -1 -1 -1
31.700000 86.200000 -1 -1 -1
68.900000 91.600000 21 -1 -1
43.800000 24.500000 -1 -1 -1
5.300000 9.900000 -1 -1 43
68.700000 50.900000 -1 42 -1
70.800000 34.900000 64 -1 -1
37.600000 68.200000 -1 -1 33
4.800000 83.600000 -1 -1 24
70.300000 97.100000 -1 -1 55
78.100000 64.400000 80 -1 -1
2.300000 14.600000 -1 -1 -1
51.200000 96.700000 27 -1 -1
76.700000 78.900000 66 -1 -1
46.400000 26.600000 47 -1 -1
33.700000 97.900000 -1 -1 -1
76.300000 36.500000 -1 32 -1
14.200000 71.100000 -1 78 -1
32.900000 4.800000 -1 -1 85
49.600000 62.500000 -1 45 -1
2.000000 70.300000 -1 -1 -1
22.300000 46.400000 -1 -1 87
34.600000 53.100000 -1 -1 -1
38.000000 14.100000 -1 -1 -1
43.900000 53.000000 -1 -1 15
90.300000 66.000000 -1 -1 -1
59.600000 39.200000 -1 -1 -1
85.700000 76.100000 -1 -1 -1
41.500000 15.700000 17 -1 -1
41.500000 79.200000 77 -1 -1
88.700000 73.300000 -1 -1 -1
62.500000 92.300000 -1 -1 -1
95.200000 40.300000 -1 -1 -1
95.600000 60.500000 -1 5 -1
88.500000 30.400000 -1 -1 13
14.400000 11.900000 99 -1 -1
4.900000 20.600000 -1 -1 -1
12.500000 65.200000 -1 -1 66
96.500000 81.400000 -1 -1 -1
79.200000 58.500000 42 -1 -1
21.300000 47.000000 50 -1 -1
20.400000 0.500000 21 -1 -1
22.600000 95.000000 13 -1 -1
5.500000 75.700000 -1 -1 -1
37.100000 74.000000 -1 -1 -1
96.000000 25.500000 -1 -1 -1
59.200000 89.600000 -1 80 -1
66.700000 5.700000 -1 88 -1
52.000000 8.300000 -1 -1 -1
95.800000 37.100000 -1 -1 14
40.000000 70.200000 -1 -1 -1
14.500000 32.300000 -1 -1 30
14.000000 41.400000 -1 -1 76
8.500000 77.800000 86 -1 -1
76.200000 90.300000 -1 -1 -1
47.000000 56.500000 -1 -1 -1
60.700000 46.500000 -1 -1 -1
73.700000 96.000000 -1 -1 76
56.400000 36.800000 -1 70 -1
71.600000 35.300000 -1 55 -1
86.200000 66.600000 -1 -1 -1
62.600000 87.600000 -1 -1 -1
19.700000 25.100000 -1 -1 63
95.000000 33.900000 -1 -1 59
97.700000 73.700000 -1 2 -1
9.900000 48.200000 -1 -1 -1
18.000000 37.200000 -1 -1 35
70.600000 28.400000 -1 -1 -1
84.700000 83.400000 77 -1 -1
51.100000 0.500000 -1 -1 56
43.000000 37.100000 -1 -1 55
78.900000 63.700000 -1 -1 -1
66.700000 33.800000 -1 60 -1
74.400000 33.500000 -1 81 -1
80.300000 63.500000 -1 -1 9
28.100000 67.300000 65 -1 -1
24.100000 27.800000 -1 -1 -1
5.400000 61.300000 -1 -1 32
29.800000 49.400000 -1 -1 -1
34.500000 7.900000 -1 9 -1
40.500000 54.700000 -1 15 -1
57.200000 32.300000 -1 -1 -1
64.000000 59.800000 -1 -1 -1
17.600000 11.100000 -1 -1 79
17.400000 34.500000 -1 -1 -1
20.200000 56.900000 -1 -1 -1
88.100000 37.300000 -1 4 -1
28.900000 95.200000 -1 -1 -1
4.800000 57.400000 34 -1 -1
36.800000 67.700000 -1 -1 -1
16.600000 96.900000 3 -1 -1
79.500000 30.500000 -1 -1 -1
60.000000 63.200000 -1 -1 -1
29.200000 87.300000 -1 67 -1
32.400000 68.800000 -1 51 -1
96.300000 90.700000 -1 -1 12
95.300000 22.200000 39 -1 -1
83.000000 54.300000 -1 -1 -1
96.800000 34.300000 87 -1 -1
62.100000 72.400000 46 -1 -1
10.700000 58.100000 -1 52 -1
94.200000 89.300000 -1 -1 -1
0.100000 20.600000 16 -1 -1
79.200000 23.400000 -1 -1 -1
51.100000 53.800000 -1 -1 -1
58.200000 26.600000 51 -1 -1
68.200000 56.100000 -1 -1 -1
44.900000 9.600000 -1 -1 -1
57.600000 94.200000 -1 -1 -1
96.900000 77.800000 -1 -1 58
85.900000 50.400000 -1 -1 80
11.000000 74.600000 -1 -1 -1
63.600000 24.100000 -1 66 -1
20.300000 44.500000 -1 -1 -1
72.300000 25.200000 -1 -1 64
83.000000 78.400000 -1 71 -1
28.700000 37.600000 79 -1 -1
40.000000 79.600000 -1 -1 -1
18.900000 95.200000 -1 -1 27
14.300000 60.000000 -1 -1 -1
71.500000 36.400000 15 -1 -1
3.200000 4.100000 -1 -1 -1
19.000000 48.700000 -1 -1 40
30.400000 13.300000 -1 -1 -1
67.400000 34.500000 -1 -1 24
67.400000 8.200000 -1 -1 52
17.900000 62.100000 -1 -1 63
39.300000 39.300000 -1 -1 94
68.800000 94.900000 -1 -1 94
84.200000 52.700000 -1 81 -1
82.600000 55.300000 -1 49 -1
70.400000 60.100000 90 -1 -1
29.500000 34.700000 -1 -1 -1
81.000000 29.800000 -1 58 -1
94.500000 11.400000 73 -1 -1
69.600000 21.100000 -1 20 -1
75.900000 19.000000 -1 -1 38
60.100000 23.700000 -1 -1 -1
3.900000 0.700000 -1 -1 -1
71.000000 3.800000 -1 -1 15
22.800000 0.900000 -1 -1 -1
19.900000 28.700000 -1 -1 74
25.200000 34.800000 -1 -1 26
7.900000 16.600000 -1 -1 85
72.800000 32.200000 -1 -1 -1
92.300000 68.700000 -1 88 -1
73.600000 17.000000 -1 -1 -1
25.900000 82.000000 -1 -1 68
1.300000 66.600000 -1 -1 73
59.900000 6.400000 -1 -1 -1
89.900000 46.200000 -1 -1 -1
92.600000 97.100000 -1 -1 -1
44.100000 41.600000 -1 -1 -1
69.200000 13.600000 -1 -1 76
53.500000 46.700000 -1 -1 -1
38.000000 20.900000 -1 -1 -1
35.900000 4.600000 -1 -1 -1
60.300000 98.300000 -1 -1 38
10.300000 93.300000 -1 -1 67
93.400000 49.500000 38 -1 -1
35.700000 86.500000 -1 -1 -1
73.000000 71.000000 -1 -1 0
37.800000 98.600000 -1 -1 -1
32.100000 4.600000 6 -1 -1
28.900000 58.300000 79 -1 -1
27.200000 87.700000 -1 83 -1
56.100000 73.300000 -1 -1 -1
31.800000 12.200000 -1 -1 -1
4.800000 96.400000 -1 -1 -1
33.200000 9.400000 -1 -1 -1
16.900000 82.300000 -1 -1 -1
18.300000 33.100000 58 -1 -1
78.000000 97.300000 48 -1 -1
6.200000 25.700000 -1 57 -1
49.200000 60.300000 -1 -1 93
48.400000 68.200000 -1 -1 48
30.000000 1.000000 -1 -1 9
42.200000 61.200000 38 -1 -1
34.600000 61.800000 -1 -1 7
7.600000 25.600000 -1 87 -1
60.900000 41.400000 1 -1 -1
66.000000 35.500000 -1 -1 45
15.400000 36.600000 -1 -1 10
10.100000 54.900000 -1 -1 57
16.000000 78.100000 -1 9 -1
56.100000 86.300000 30 -1 -1
53.600000 42.700000 57 -1 -1
58.500000 67.100000 -1 -1 42
86.800000 20.000000 -1 -1 71
7.200000 18.100000 -1 -1 75
60.200000 33.600000 -1 -1 68
47.600000 59.100000 -1 -1 12
76.700000 92.500000 -1 -1 85
72.800000 85.000000 -1 30 -1
30.500000 9.400000 23 -1 -1
35.700000 52.900000 78 -1 -1
6.200000 57.000000 -1 85 -1
27.500000 0.200000 -1 39 -1
70.300000 46.800000 -1 -1 59
5.800000 47.400000 -1 56 -1
12.200000 34.000000 74 -1 -1
55.900000 53.300000 -1 -1 44
52.000000 97.900000 39 -1 -1
21.000000 92.400000 -1 83 -1
66.000000 47.400000 -1 -1 26
23.900000 57.500000 -1 -1 30
94.600000 41.500000 -1 68 -1
41.800000 47.400000 82 -1 -1
23.800000 22.300000 41 -1 -1
38.900000 79.800000 -1 67 -1
59.800000 63.400000 64 -1 -1
24.200000 75.800000 -1 -1 93
27.300000 77.400000 -1 67 -1
7.300000 89.800000 45 -1 -1
54.700000 80.200000 -1 -1 55
50.200000 61.100000 -1 97 -1
66.500000 60.900000 -1 -1 84
26.700000 48.000000 -1 -1 6
25.800000 2.300000 -1 -1 93
98.500000 69.700000 0 -1 -1
42.900000 60.900000 -1 91 -1
84.100000 32.600000 -1 -1 56
97.600000 64.700000 -1 87 -1
80.500000 10.200000 -1 -1 89
75.600000 79.000000 -1 71 -1
48.000000 60.600000 -1 57 -1
81.800000 89.100000 -1 -1 95
47.100000 4.700000 -1 43 -1
52.700000 53.700000 49 -1 -1
12.100000 19.900000 -1 48 -1
80.000000 33.600000 -1 -1 77
65.900000 84.600000 82 -1 -1
17.900000 94.100000 86 -1 -1
35.300000 76.100000 -1 -1 48
28.600000 62.800000 -1 86 -1
31.400000 60.800000 93 -1 -1
73.200000 24.700000 -1 67 -1
93.900000 58.000000 -1 -1 11
6.000000 8.100000 87 -1 -1
87.400000 91.300000 -1 -1 62
95.300000 65.200000 -1 -1 34
60.600000 49.600000 42 -1 -1
99.400000 99.800000 -1 93 -1
84.500000 51.900000 -1 -1 91
40.700000 61.400000 -1 70 -1
83.800000 26.700000 -1 73 -1
18.800000 93.300000 -1 -1 14
65.000000 77.800000 -1 88 -1
0.900000 63.400000 -1 28 -1
6.600000 0.800000 87 -1 -1
11.800000 59.300000 13 -1 -1
76.300000 53.600000 29 -1 -1
55.100000 79.400000 34 -1 -1
16.600000 70.800000 -1 -1 93
92.100000 34.400000 61 -1 -1
38.900000 66.300000 90 -1 -1
37.500000 30.500000 62 -1 -1
72.900000 88.700000 40 -1 -1
54.700000 90.500000 -1 10 -1
54.600000 29.100000 -1 74 -1
93.200000 37.600000 5 -1 -1
57.800000 75.900000 -1 -1 5
53.100000 71.400000 80 -1 -1
67.700000 1.400000 -1 19 -1
45.500000 84.100000 -1 81 -1
5.600000 23.700000 -1 42 -1
65.900000 17.600000 -1 94 -1
4.900000 28.700000 -1 52 -1
88.300000 87.800000 87 -1 -1
87.500000 30.600000 -1 1 -1
69.300000 22.900000 82 -1 -1
58.800000 67.600000 73 -1 -1
94.100000 86.800000 -1 -1 51
40.700000 82.200000 -1 29 -1
77.500000 88.200000 32 -1 -1
43.300000 59.800000 65 -1 -1
13.900000 64.800000 -1 -1 45
3.400000 28.400000 36 -1 -1
8.800000 0.800000 -1 -1 88
38.700000 66.700000 50 -1 -1
80.600000 29.700000 -1 62 -1
42.400000 54.200000 -1 -1 26
9.600000 42.000000 49 -1 -1
91.300000 91.500000 -1 -1 41
67.000000 48.100000 37 -1 -1
47.200000 52.100000 -1 11 -1
59.600000 41.300000 -1 -1 8
56.100000 94.900000 -1 -1 90
35.800000 15.600000 -1 64 -1
64.900000 11.000000 5 -1 -1
76.300000 43.500000 47 -1 -1
2.500000 13.200000 92 -1 -1
65.000000 35.400000 -1 -1 24
56.500000 20.100000 -1 87 -1
85.300000 99.500000 40 -1 -1
81.400000 39.100000 -1 74 -1
72.200000 49.300000 -1 -1 64
15.600000 55.200000 -1 -1 58
14.000000 37.300000 92 -1 -1
66.000000 46.700000 97 -1 -1
15.800000 32.400000 40 -1 -1
63.100000 25.800000 -1 -1 7
42.400000 96.000000 -1 -1 27
42.300000 81.200000 19 -1 -1
56.200000 19.700000 -1 -1 38
35.900000 60.800000 -1 74 -1
73.400000 92.900000 -1 -1 33
